time,joint angle0,joint angle1,joint angle2,joint angle3,joint angle4,joint angle5
0.0,0.43296591581643884,-0.14920755734111535,-1.5978451077878824,0.011020797556455669,-1.4092025993932138,0.04186363400766282
0.01,0.43281156179761726,-0.14857597372357187,-1.59851466177583,0.00945557873998485,-1.4067325804951636,0.04367875150843471
0.02,0.4327576226539916,-0.14731629647371264,-1.5980920211346934,0.009450125864255816,-1.4071782042349223,0.042163217073772366
0.03,0.4334665925036474,-0.14834356857643838,-1.5986613228453441,0.009605776873802315,-1.4064331314199199,0.04286514758732489
0.04,0.4323262134612678,-0.14860729449313786,-1.5980354726036743,0.010518910107751163,-1.4071398228498648,0.043375962249461594
0.05,0.4345689401026313,-0.1486546640082729,-1.5989470161095851,0.009489849326456874,-1.4069624565475762,0.04398521418358844
0.06,0.4326005620844823,-0.14903317483774758,-1.599219495591733,0.010767749311863497,-1.4068513883766658,0.043473991516409315
0.07,0.4321192332201914,-0.14809740102583496,-1.598398172422007,0.01039084180247437,-1.4067395349314087,0.043195123925946086
0.08,0.4332924638506025,-0.14824102613659923,-1.5982476957280738,0.010750902903497804,-1.408771608338554,0.042721034237535496
0.09,0.4322895224235623,-0.14885752609849515,-1.5987401069097629,0.011504582400256076,-1.4082555801867531,0.04384498226817072
0.1,0.43123141908015095,-0.14859224231944457,-1.5983579711573104,0.010711575491546832,-1.4068793377227458,0.043692326068291626
0.11,0.43239567996525047,-0.14870347805422474,-1.5977512747984681,0.010033055482875546,-1.4086132463282452,0.04201102033724428
0.12,0.43189762651471414,-0.14786614540522983,-1.5983757100982996,0.010802562143264069,-1.4078728482708216,0.04313835198021916
0.13,0.4332459306071789,-0.14856995578238846,-1.5981013884081523,0.00962236064620125,-1.4078168242492295,0.042666870843505
0.14,0.43165643304292944,-0.14787503634218432,-1.5989096308176551,0.010210903175446663,-1.4070804693967065,0.043389671961726245
0.15,0.4332806580472658,-0.14838594479850556,-1.5988693974631654,0.010130432737294205,-1.408972477072742,0.04173715613547707
0.16,0.4315457268374781,-0.1491702620298357,-1.5981511311739531,0.009409820458805947,-1.407830009083787,0.04413379057657241
0.17,0.4323891010349374,-0.14765639625227658,-1.5993147351235502,0.010020721910397674,-1.4083290506412376,0.04270413782761857
0.18,0.4334333071864966,-0.14980737143108241,-1.5981208938535807,0.01040746345049551,-1.4080184936488744,0.04173807646332983
0.19,0.43276294486987243,-0.14876206955692337,-1.5982969517010397,0.010219069594400451,-1.4061021842228754,0.042791122810870934
0.2,0.4318068299433921,-0.14814355249507044,-1.5983080166760613,0.01138611491700719,-1.406771227956918,0.04331142874936191
0.21,0.4339769726702867,-0.1493373914661999,-1.5990582885320581,0.009391409952635377,-1.407840173226081,0.04179861469792729
0.22,0.4332542737634535,-0.14849392588685176,-1.5997835206249065,0.009313740060927478,-1.4072264075555698,0.04373140340790983
0.23,0.43444247641681516,-0.14575717530089452,-1.5981383595469005,0.009336465086572456,-1.409360561370183,0.043233622323161434
0.24,0.4319905750631033,-0.1486624675881099,-1.5990341552242255,0.010077136773761637,-1.4065697567605793,0.04313705072937308
0.25,0.4325615649892655,-0.14920377839487228,-1.5999614365656043,0.009775616290409059,-1.407546934129595,0.04454280989682338
0.26,0.43281368596655806,-0.1474423979921604,-1.5989357176067613,0.009165941491252017,-1.4083422232583571,0.042367120867628505
0.27,0.4345574402430018,-0.1490167950992244,-1.5977682801326187,0.009412047391832011,-1.406687049185131,0.04333593309086402
0.28,0.4325633076476232,-0.14833557201462466,-1.5990714100593395,0.010589271430874092,-1.4078970479887065,0.04193045720454208
0.29,0.43158478908465864,-0.1481493886293294,-1.5971219829193093,0.010339619021621747,-1.4076035314704836,0.043249430361216465
0.3,0.4338397015214782,-0.14810855265149697,-1.5988586016582076,0.0111654190234093,-1.407125839422986,0.044340199928378086
0.31,0.432859902211628,-0.14936855080961148,-1.5996939441359144,0.011640706406528856,-1.4059958178984284,0.04284333993288143
0.32,0.43236560597971396,-0.14702464926329475,-1.5994660796060822,0.009419203380633356,-1.4069385914633188,0.04265564206804317
0.33,0.43269553032809427,-0.14844263083591278,-1.5982054106326262,0.011428259632101128,-1.4074209497560977,0.04356194260620001
0.34,0.4309108873302239,-0.1483425148259995,-1.5992358572284546,0.009136384956464955,-1.4082663325068543,0.04270842229258394
0.35000000000000003,0.4334992757495749,-0.14945749600495153,-1.5984732689799714,0.009777482462540694,-1.4077859487183406,0.04387507128258517
0.36,0.4331695943065763,-0.14713289998075915,-1.598634831640797,0.009592675501070897,-1.407695353670709,0.04321161837166021
0.37,0.432854089323816,-0.1492463071114913,-1.598421032768559,0.010399166790362626,-1.4053030894605778,0.04463785590075891
0.38,0.4319554047106,-0.14855078929372412,-1.5997770940672016,0.009684510884585653,-1.4072245826775789,0.044052305799079754
0.39,0.4320637543254149,-0.14887085045846912,-1.6003738631780446,0.010058047205285194,-1.4084271314753793,0.04253797694012943
0.4,0.43193479461696876,-0.14838225959665233,-1.6000339073892478,0.008919761509609953,-1.4056418813653262,0.04187651185461219
0.41000000000000003,0.4317428740233788,-0.14669699054281835,-1.5959648506452582,0.009177615246025375,-1.4078213578381493,0.04329806344711875
0.42,0.43420857328331736,-0.14916119526325922,-1.5987140452996944,0.010878355005087464,-1.4071205950262293,0.04267174190278342
0.43,0.43258321743272077,-0.14949982293639624,-1.598707845801208,0.009967533060661012,-1.4072973935501014,0.042515385580283255
0.44,0.4331114949884201,-0.14741623872960083,-1.5983643623239012,0.010506965374577798,-1.4074536132084863,0.043000073646865554
0.45,0.43207032182852306,-0.1480238066535066,-1.598584898573019,0.012026633939462036,-1.4061269888324706,0.04333671463747901
0.46,0.4320341069654873,-0.14927076214115334,-1.5974605316803336,0.010429291954294073,-1.4070809958364543,0.041477561522157265
0.47000000000000003,0.43350934275564434,-0.14790344344550665,-1.5994690335779103,0.009788516980258306,-1.407269863324491,0.04304578591896482
0.48,0.4324450325414136,-0.14839031055074686,-1.5987198917445127,0.01033313590756509,-1.40621588100773,0.04076016797158222
0.49,0.4324933091525043,-0.14814596385381915,-1.5982416965156923,0.009875443300988366,-1.4090330289572877,0.04328623005612413
0.5,0.4342073974286097,-0.1496385465892526,-1.5977461678495002,0.009913307659032826,-1.4075535155873171,0.04208117271494356
0.51,0.4324081319294386,-0.14716549706998738,-1.5979915373811655,0.011711727059245617,-1.4064725142942607,0.04338317541244841
0.52,0.43422186997104173,-0.14791690619931433,-1.5977774440073653,0.009941193019752012,-1.4074419278204915,0.04239138290007815
0.53,0.433563574894176,-0.14932826389057663,-1.5978172705310354,0.010033625566206296,-1.406477894093229,0.04365525680522403
0.54,0.434288813498236,-0.1476622787774693,-1.5998718639217522,0.010141572334413469,-1.4085227692183917,0.04254771551519956
0.55,0.4340187955955217,-0.1477436467953524,-1.5991099318610538,0.00931536471354846,-1.4074713922271807,0.04193835099223726
0.56,0.4321143196208341,-0.14802772037120115,-1.597491800054101,0.010731244602480225,-1.409499527302072,0.043265610077755166
0.5700000000000001,0.43276286115124424,-0.14793881258891137,-1.5970895909826288,0.008399484940829155,-1.40801583504947,0.04351566304517982
0.58,0.4313197985149213,-0.1470119914759895,-1.598178548214344,0.010938783897381224,-1.4079982423368473,0.043710142786154434
0.59,0.43363241733079577,-0.14809677558965403,-1.5982954466326398,0.01043591898179865,-1.4082534108725602,0.042871256939434194
0.6,0.43256689898126127,-0.14796542573675434,-1.5976274887475073,0.009276253005915808,-1.40760909095869,0.04429281385142924
0.61,0.43205109685640736,-0.1490175485038148,-1.5983234545427687,0.010936865086452417,-1.4074900288854975,0.044159736896618666
0.62,0.43344769380035303,-0.14756537340617046,-1.5980164421306131,0.012231260522264658,-1.407679037348483,0.04125159696831679
0.63,0.43409997603239764,-0.14869941810273504,-1.598405856552385,0.011342798558628143,-1.4088982352231485,0.04190773175202167
0.64,0.43130262138788666,-0.1489930146485258,-1.5981163446856355,0.010657440187800469,-1.4072589052966236,0.04176712918831151
0.65,0.4306840544484562,-0.14825256754873367,-1.5989117022559494,0.010600889712663496,-1.4068874299013063,0.0431206384076048
0.66,0.4333633412546576,-0.14809997534193356,-1.598037431281932,0.009585056570607453,-1.407656740527276,0.04317171953879432
0.67,0.43341604617512014,-0.14864360399279902,-1.5980451957716946,0.009968011890077629,-1.4076025748914902,0.04372389192456546
0.68,0.4309607267167042,-0.14943138553929503,-1.5997934507655178,0.008163535761551625,-1.408091897383995,0.0436540044538155
0.6900000000000001,0.43245139175275765,-0.14812739559211624,-1.5975494784206032,0.011358624722057007,-1.40756033422995,0.04418122652407611
0.7000000000000001,0.43278039567592674,-0.14903076780780708,-1.5990187121610442,0.008907988157987304,-1.4082750429973039,0.04268757150080078
0.71,0.43340126022039294,-0.14679834503885833,-1.5997061809151767,0.010542806635670456,-1.4084080458874986,0.04341425135716568
0.72,0.43258560531700435,-0.14989776674774924,-1.5976899080530387,0.009672037279228751,-1.40796591585184,0.042066464912092316
0.73,0.43212903012905324,-0.1479265951486032,-1.5986651468420054,0.010486811703301322,-1.407184163600701,0.04415249470969028
0.74,0.4324008626518589,-0.14958880157438867,-1.5975686727489864,0.009910721998274266,-1.4065273346012135,0.04333455964509125
0.75,0.4325855609162509,-0.14799563561486526,-1.5967974203539017,0.012012507436590087,-1.407439453537658,0.043139792664205305
0.76,0.4336391967144985,-0.14903797846888028,-1.5982093412678484,0.010177430407463127,-1.407226063408051,0.04227274852263845
0.77,0.4313128406779543,-0.15010901931486764,-1.5994751015890574,0.009799730304014275,-1.4077558579263083,0.044690553107831606
0.78,0.4336651612905055,-0.14913958288421744,-1.5981965671333858,0.009844757223123758,-1.4077481542623704,0.04316172713853475
0.79,0.43324032873122353,-0.148596058877955,-1.5975716144000698,0.009203470904971573,-1.4074944681245145,0.04526689797108241
0.8,0.4328946738001656,-0.1470492843986188,-1.5984201335779433,0.010706823626683697,-1.4075495526850976,0.04285129133191626
0.81,0.4320197732857902,-0.14792449122551923,-1.5992431063827235,0.010780832691316694,-1.4065529084221655,0.04331985899341289
0.8200000000000001,0.43245020085598945,-0.14790384029751696,-1.5987693680565738,0.011016418882346769,-1.4090982033055306,0.04270712732161885
0.8300000000000001,0.4309626887948444,-0.14960468670025323,-1.5973098056773078,0.010981196267490601,-1.4081278649486917,0.04168881838347462
0.84,0.4301129605504671,-0.14877428930416117,-1.5963877894385792,0.010579508120108874,-1.4079883189397238,0.04340585904708227
0.85,0.4313378068626869,-0.14855946358110875,-1.5984131895282156,0.010124863006880473,-1.406809891471579,0.04330075969745499
0.86,0.43328322447463635,-0.1489007181402197,-1.597716508252405,0.011621515652171255,-1.408346615167728,0.04222533940260654
0.87,0.4338656917382677,-0.14846697912858603,-1.5972749347299255,0.009813814738491218,-1.406230233196375,0.04311474302114646
0.88,0.4329253471595266,-0.1469345259328284,-1.5988157042983957,0.00937871603814198,-1.4078914461168348,0.04339473583786381
0.89,0.4313336174448739,-0.14774370169315387,-1.5989701666703868,0.011201655506293866,-1.4095893862735158,0.042313591872046544
0.9,0.43122827890154714,-0.1490210212282523,-1.5982838707290365,0.010043595263933157,-1.407721113641442,0.042861084993752706
0.91,0.4328774897229328,-0.14918011372784692,-1.5978831573224885,0.010778285151207496,-1.4071639910121405,0.04348566704867344
0.92,0.4329586735038145,-0.14652406351739536,-1.5985760040022081,0.009932019338122051,-1.408157576864091,0.042099180882649356
0.93,0.4316139934929091,-0.14907562197493793,-1.5985616802688198,0.010491727533283132,-1.4074553701346009,0.04233194444343416
0.9400000000000001,0.4334855592258889,-0.1476547407168689,-1.5986393194304875,0.009630223176808658,-1.4070214063535826,0.0431640379004209
0.9500000000000001,0.43143627056676626,-0.1483593239646638,-1.5982713306160583,0.009414868185638066,-1.4073343303865915,0.041730427880010246
0.96,0.43386604234322973,-0.14721095819302493,-1.5987203629450972,0.010517173743797383,-1.4096030536509672,0.041990896301531855
0.97,0.43244362952851956,-0.14923561256216267,-1.5978765714606715,0.011942970030010634,-1.4085267900440734,0.04226917531168768
0.98,0.4329054674622728,-0.14689403592883157,-1.5995667228222812,0.010417325014532772,-1.4059106169195261,0.04155856822071674
0.99,0.4315820562197314,-0.14866966650079708,-1.598954299092603,0.01090912839886235,-1.4072891121109838,0.041451053398063244
1.0,0.43314978042648244,-0.14880399775713302,-1.5973878349960748,0.009652326557234794,-1.4080555516379325,0.043472226414757974
1.01,0.43336867908220184,-0.14790951832210603,-1.5999705250662792,0.010669580072584207,-1.4084024302348908,0.04320532235062899
1.02,0.43148058408397316,-0.14791494716028006,-1.5992004278452572,0.009081138314939398,-1.4068756943485075,0.0432109159986533
1.03,0.4322413336999315,-0.14704846858209902,-1.5988729439744545,0.01022952051204436,-1.407260706121863,0.04245937803911171
1.04,0.4332925866191935,-0.1488004846807058,-1.598831939053703,0.011392661703231773,-1.4083972081884135,0.040894777955536095
1.05,0.43445749782400706,-0.14614305400381908,-1.598800781251571,0.00851663539511823,-1.407749870447418,0.042750855243244235
1.06,0.43313735116438634,-0.1493878156675134,-1.5979035519686584,0.010669457841386787,-1.4087679697097277,0.043611247836722954
1.07,0.4354416703078698,-0.14833304901342245,-1.598651467388074,0.010094577104918042,-1.4069061287221105,0.041491411644832374
1.08,0.43425119433277104,-0.14891198144218334,-1.5966757901145605,0.010075406371595194,-1.405960123244197,0.04203933383725222
1.09,0.43520142210383134,-0.1484044925345602,-1.5989593137920286,0.010393520888648622,-1.4063226739268375,0.042721011994211494
1.1,0.4339307170475611,-0.1488369459573994,-1.5988804317750083,0.009953945860297365,-1.407408945448018,0.041516401771829574
1.11,0.4348654554699075,-0.14856820877846547,-1.5984185352340603,0.008031431058238687,-1.406600809974919,0.04324411139401058
1.12,0.43668271956023336,-0.1503365587698749,-1.5970780716563575,0.010594513015178575,-1.4051447530595214,0.04337495884187457
1.1300000000000001,0.4388483282739573,-0.14956511984658166,-1.59691359208571,0.010858577826141708,-1.4060594519866874,0.04255549883013239
1.1400000000000001,0.439519689486387,-0.15010529875313797,-1.5967272984404495,0.01164771537664526,-1.4074689150859265,0.04264225071734202
1.1500000000000001,0.44175967061435256,-0.15020724122686824,-1.5963481062693066,0.008405959853087397,-1.407694887365812,0.04233299813395571
1.16,0.44125335703435076,-0.1511791106469716,-1.5977079951983637,0.010230402448278036,-1.4058947649983267,0.04280515033384204
1.17,0.4443881009476368,-0.15077504448327192,-1.5956916439693107,0.009593326528687076,-1.4075402071921002,0.04351004234300989
1.18,0.4473300479938609,-0.1505910752563031,-1.5962829493633581,0.011100845257735888,-1.4075148628113272,0.04301608752621955
1.19,0.4498106789815844,-0.15269331223209165,-1.5972638481539723,0.011135056920792755,-1.406769745440248,0.042138965513773205
1.2,0.45262592404398094,-0.15117104184573352,-1.5974814792388292,0.009283416357422627,-1.4071061143516543,0.04431107110924145
1.21,0.4559242006955909,-0.15205762659777672,-1.5960398851192255,0.009670265966219763,-1.405732086401003,0.04309213813078976
1.22,0.45938448440669416,-0.1535129742973491,-1.59431678987808,0.01084806179939173,-1.4052506815802313,0.04375133159905968
1.23,0.4609877584105408,-0.1559838590674967,-1.5931596806244421,0.01181460512785825,-1.4066105619255271,0.04143035230316682
1.24,0.4662582829549549,-0.15393692260701794,-1.5918982097795853,0.011302064541261156,-1.4058183062340828,0.042280735876788024
1.25,0.4702337236059129,-0.15579108936151517,-1.5937434493523615,0.012718253781085813,-1.4036932270063294,0.04405880893314321
1.26,0.4737596101020765,-0.15561989994146175,-1.5916469386898775,0.011401036385532713,-1.4039004628525336,0.043629682149114425
1.27,0.4798418933255671,-0.15670289031354073,-1.5912110811735085,0.009548524895285468,-1.404640363222118,0.04259817118929954
1.28,0.4830110162588052,-0.156741270726682,-1.5892580634458953,0.012387157132004613,-1.4041950430335899,0.04427104400251852
1.29,0.489374116930012,-0.15904075562100775,-1.590933847538477,0.011649363665692733,-1.404051268875264,0.041965029891266985
1.3,0.4948632410915645,-0.16035556567002401,-1.587577257894303,0.012191188652388836,-1.4037616882826758,0.0433288777596604
1.31,0.5008037375517328,-0.16159161461434618,-1.5892097815973811,0.011393030312606356,-1.4040717265935032,0.04203118751411344
1.32,0.5073853689081538,-0.16226269619011346,-1.5888959973637744,0.011537960381504718,-1.4021816863639087,0.04405773381947128
1.33,0.5143289710850205,-0.163821519792238,-1.5870976753859047,0.010825729198720638,-1.4023606376926299,0.04347603979216121
1.34,0.5213753275169634,-0.16420926206550973,-1.5854503931547979,0.010818371813160407,-1.4025312006747137,0.043346875789014236
1.35,0.527220236006492,-0.16705009091756653,-1.5840399895804145,0.01160342690412041,-1.4023726154271026,0.04344193660944441
1.36,0.534519475149488,-0.16777276503100794,-1.5828984542223767,0.0111943446233121,-1.4017965636592924,0.044438267906899545
1.37,0.5416610676369509,-0.17133673335744112,-1.5835880306830283,0.012366004857395254,-1.400881848391522,0.04309495916407598
1.3800000000000001,0.5518726864863915,-0.17339007829467615,-1.5803940629594504,0.013861613562094604,-1.401405270312461,0.042880771831917575
1.3900000000000001,0.5586285629838055,-0.1734704998958673,-1.5797503088693685,0.013909629379412373,-1.3983098902397129,0.04293427588811881
1.4000000000000001,0.5697562706592088,-0.17435612166701792,-1.5766107358760693,0.0127539415687941,-1.3992710384712492,0.043562200643980364
1.41,0.5800126601320349,-0.17540626598715625,-1.577383241132108,0.013858968183971955,-1.399153089036084,0.04283230692626022
1.42,0.5875134191244706,-0.17794896780141375,-1.5750971554778508,0.01321012254070856,-1.3979753234966439,0.043647583610467666
1.43,0.5948494876177918,-0.17928634569008292,-1.574720725635394,0.012130401465662887,-1.3977315186860078,0.04336766062635952
1.44,0.6060912039601868,-0.18109976204641642,-1.5735077954007837,0.01323161153927551,-1.3975822265022966,0.04327196680979309
1.45,0.6174332758404155,-0.1847263784770534,-1.570126582399646,0.01384596701827786,-1.398093951274631,0.04162228226365343
1.46,0.6280089503869232,-0.1861262977340536,-1.5692204380610333,0.013977363038937575,-1.3955970145294339,0.044177914046714624
1.47,0.6382151665990071,-0.18910745271341306,-1.5684054212890903,0.0144712315128335,-1.3940382709346018,0.04299457956037714
1.48,0.6485008003185793,-0.1917873432439117,-1.5664491738785407,0.013956218164186174,-1.3947918967752246,0.04342532331373669
1.49,0.6622436042534767,-0.1916642966965261,-1.564533039371602,0.013920711265644262,-1.3933084997759986,0.042072812623866154
1.5,0.6750181951662773,-0.1948339429642787,-1.5622429256578205,0.016295993312525646,-1.3935404393650408,0.04523271495742304
1.51,0.6869725727850015,-0.1984445971005372,-1.560174969905442,0.014213893125479457,-1.39290485484299,0.043803685615407685
1.52,0.7004716909181626,-0.2003427722336899,-1.5574469638599904,0.01641269643954233,-1.3902272164382297,0.04394223854044725
1.53,0.7143180273502961,-0.20397316217260902,-1.5566100249236203,0.014901764285656066,-1.3905889775362532,0.043005165936552056
1.54,0.7264455386909184,-0.20328321922978548,-1.5544564057013677,0.016281507253821298,-1.3900888737205088,0.043594109723757865
1.55,0.7403760078254326,-0.20718961093101704,-1.5512192720716482,0.01762625159764786,-1.3887900925128789,0.044067273247966304
1.56,0.7534612271555982,-0.210373265412874,-1.5492962336345983,0.017218676044369583,-1.388030875977593,0.044351645500572516
1.57,0.769299621689866,-0.21202476938691908,-1.547698107456662,0.01643297089704001,-1.3870590768313298,0.04104657791516079
1.58,0.7839185021393822,-0.21909092535935934,-1.5472422599507432,0.01742399901987743,-1.3860536310695515,0.04261602858881084
1.59,0.7979791774481221,-0.2176043332433123,-1.543902691060956,0.01927935583158647,-1.385572057583456,0.04401349768686265
1.6,0.8153267970922503,-0.22163688927065162,-1.54205209013503,0.017524384734405585,-1.384683568229779,0.04249397423649877
1.61,0.8293022767589754,-0.22540653992557133,-1.5380235242325708,0.017954178600969067,-1.3839637361019117,0.04362032100455434
1.62,0.8456198252793043,-0.227284055073358,-1.5373118052772365,0.017324493315435292,-1.3818000219075839,0.04338171742815262
1.6300000000000001,0.860373259389857,-0.23055341013108843,-1.5336013851406234,0.017212672066702298,-1.3815937815191461,0.04441254563263009
1.6400000000000001,0.8784008973187768,-0.23356151925851626,-1.532755475858485,0.0191578318266498,-1.3810713566452975,0.04337889639534145
1.6500000000000001,0.8955730443040543,-0.23604735472802038,-1.5274471046473235,0.020342148907336457,-1.3798997998514622,0.04413809218649279
1.6600000000000001,0.9124908885606919,-0.24050962613451551,-1.5263413620601622,0.020244680622642723,-1.3788364055475422,0.04322442204878486
1.67,0.9287319567418264,-0.24339007594341422,-1.5238557173726452,0.020158897767571186,-1.377164753271702,0.04356476682777347
1.68,0.947283308266315,-0.24699022228290118,-1.522300002379066,0.021461862246374464,-1.3771358775230906,0.042479030429829645
1.69,0.9634928626336932,-0.25163792331307455,-1.518503131376196,0.020310340169051484,-1.375927134606598,0.044496113813296226
1.7,0.9827285282049608,-0.25394448270316694,-1.5154803218900623,0.02143788549211606,-1.3763923068771218,0.043669679003888566
1.71,0.9987957331388069,-0.2577083186241625,-1.5130953283848516,0.022168150145056673,-1.372421599388884,0.04419748548366095
1.72,1.01876089415809,-0.26088076350141187,-1.510770292129133,0.02161461208714905,-1.3714887212052171,0.0435670213604802
1.73,1.0386260376545784,-0.26432094376832516,-1.5083271097466986,0.022830189356377296,-1.3706173984590577,0.04417636001495724
1.74,1.0562025225745313,-0.26931210447853476,-1.5051144023052858,0.02282255919547681,-1.3709255276688839,0.04450325280445104
1.75,1.0749414615320614,-0.2724315502317921,-1.501668871168029,0.024855720722224108,-1.3701453611650767,0.04544044662315974
1.76,1.095518624364241,-0.27562539645226414,-1.4987497406312256,0.023486924248871256,-1.3679170683720394,0.04545955910114268
1.77,1.1145505358659566,-0.27876509452389314,-1.49647398560255,0.023426990902372706,-1.3675460608307954,0.044622889617725654
1.78,1.1359619546121598,-0.28362639557949193,-1.4931134233405239,0.02289134401249423,-1.365626893034816,0.042871319944529675
1.79,1.1538396785263092,-0.2872020731069458,-1.4887928971817608,0.026703561884396394,-1.3647438916641932,0.04554964917643892
1.8,1.1749604581671458,-0.2914069644710809,-1.4865423301245762,0.024697552325073632,-1.3629303175553968,0.043976910093179625
1.81,1.1938073907374587,-0.2965294649539837,-1.4833003562757188,0.024796786509912593,-1.3623314114117402,0.044377107441766976
1.82,1.2161614414917437,-0.29896335336535546,-1.4813693768700174,0.026506252945804342,-1.3592080748326003,0.04483799229517172
1.83,1.2369103423716645,-0.3020047042515121,-1.4767141478602508,0.026372842250717034,-1.3588298164223047,0.044896899211146146
1.84,1.2558406891425689,-0.30647267246407156,-1.475765241663235,0.025547166597275746,-1.3569715233557182,0.04521389983867281
1.85,1.2789705914659275,-0.3113432302025585,-1.4724487737474878,0.026437070184045928,-1.3567689947418566,0.0445871052328216
1.86,1.2996647340250744,-0.31546816199663946,-1.467977889065626,0.026192958727288003,-1.3552062903373958,0.04455862336814514
1.87,1.3191442076513888,-0.31942861987275656,-1.4652695797743787,0.02723109310325521,-1.3527875011851025,0.04450795254189133
1.8800000000000001,1.34082086218567,-0.3251447018692303,-1.4626961130827791,0.027650602843637007,-1.3536591150197048,0.045837783744692474
1.8900000000000001,1.3622285967725916,-0.32630143670535555,-1.458653247412851,0.02832801283181315,-1.3518591793921786,0.044673669046735184
1.9000000000000001,1.3853065485985026,-0.33357989772731933,-1.4572307747309867,0.02823872121736385,-1.3504843972188425,0.04531109684473567
1.9100000000000001,1.4057403273450608,-0.3360375326470499,-1.451358766098878,0.030030633147518155,-1.3490466387933533,0.04558761118534882
1.92,1.4271645236554031,-0.34035383764981125,-1.4483912758907795,0.029648560204045504,-1.3479115848405732,0.046071735897705995
1.93,1.4464565969397707,-0.34527607539101945,-1.4467778598257988,0.02965679750687801,-1.3468362602556327,0.04350988427877894
1.94,1.469465522612105,-0.34897696441311143,-1.4403299666724723,0.03196907732907416,-1.3456710510781682,0.044547030111585596
1.95,1.4911046183548486,-0.35408781902278597,-1.439301119362362,0.029949949393726194,-1.3440802964539629,0.04350700984013225
1.96,1.5132685109623991,-0.35649830574378444,-1.4355976185871133,0.0316098821371399,-1.343850492715413,0.04568852192239386
1.97,1.5350961199083766,-0.3602878257325049,-1.432639291535774,0.030469955423080595,-1.3416638835024401,0.045300785869184755
1.98,1.558216599801941,-0.36518028688055343,-1.4280021384582233,0.032976321482851095,-1.3403001475525587,0.0456758757681208
1.99,1.5812740141246775,-0.3675669359306395,-1.4271167248758132,0.031714913265724926,-1.3374675138424656,0.04413710318749213
2.0,1.6003458651365503,-0.3739242844192285,-1.4223832830157426,0.032860642016321884,-1.3380177238584887,0.04451163863424656
2.0100000000000002,1.622791907685931,-0.3784897354495997,-1.4174638068793983,0.0336361614510193,-1.3353628068013113,0.04471257176927911
2.02,1.6451560355884125,-0.38256544158852146,-1.4184751843514458,0.03260035757709895,-1.3364038882891285,0.043215422283359374
2.0300000000000002,1.6661624161584525,-0.38500365959972477,-1.4129087703326484,0.035355149237780895,-1.3331534010924069,0.045900965549099754
2.04,1.6882803599424507,-0.38991475918419866,-1.408946880116663,0.03415121117999061,-1.331713560221826,0.04575142410922088
2.05,1.7104129368361656,-0.3955571391846542,-1.4073342247496856,0.035154750804903205,-1.3306083796586712,0.044604937863664096
2.06,1.7326979649090255,-0.39827637417906064,-1.4024860530824916,0.03685751001851913,-1.3284738920730845,0.044461891998679344
2.07,1.7558738197806907,-0.4034244518478764,-1.3988462310017706,0.03598552729956756,-1.328645595470818,0.04379721284449951
2.08,1.7759236859422982,-0.4084969673135843,-1.3956556362125259,0.03767161925205768,-1.3276826819529877,0.04567717776556267
2.09,1.7970394955964155,-0.41184624156077476,-1.3925760763865989,0.03673475096081996,-1.3241746111402797,0.04503163879943777
2.1,1.8200654684668252,-0.4153593352604142,-1.3893214561182496,0.036797054142704406,-1.3244461730569368,0.045390341088693505
2.11,1.8398978703958908,-0.41899640844093955,-1.3862254558304952,0.038122448769973,-1.3217770545691079,0.04679443574667806
2.12,1.8616390973390229,-0.42336011982429617,-1.3841284243038632,0.03804020364300215,-1.3223627844781474,0.046981761645931326
2.13,1.883518843282535,-0.4279674463769187,-1.3793495151799797,0.036538932787067824,-1.3223243480598688,0.0463006373567352
2.14,1.904377357501581,-0.43162855029673053,-1.3783724018631267,0.03882402609351023,-1.3175523419132704,0.04636333920659616
2.15,1.9254755053049972,-0.43627699723812946,-1.3744010828268458,0.0373950330996442,-1.317817132472732,0.04641964862643149
2.16,1.944826715835221,-0.4404930263492732,-1.371928007669193,0.03881698672702629,-1.3167442299980519,0.043900346548349296
2.17,1.9674753914146599,-0.4432536185397052,-1.3680187827885357,0.037898233813929476,-1.3164175665632403,0.046832500093953656
2.18,1.9851080104254266,-0.4481825207902872,-1.3657328840039173,0.041166009579020967,-1.3149029739056128,0.046146106187905295
2.19,2.0084659857243796,-0.4502151928203805,-1.3618066802779047,0.041189907728634415,-1.3143847296692173,0.04686914692478993
2.2,2.027588586830531,-0.45621437432288015,-1.3585995748635713,0.03989260611729719,-1.3116737044882654,0.04671102559322697
2.21,2.0486193181323533,-0.4609865934315367,-1.3556640906508781,0.04229547943626329,-1.3123068547537644,0.044964976216471046
2.22,2.0690640842869867,-0.46320540769117274,-1.352198878817462,0.04365868453313827,-1.309064313117725,0.04651282044309269
2.23,2.090416689645372,-0.4674334240913573,-1.3502846148529186,0.04279375222650112,-1.3079063110265041,0.04551454759649156
2.24,2.1067112014509703,-0.46900006884096523,-1.3463617565963544,0.04216213356511558,-1.306317747207402,0.04591409194377333
2.25,2.1267542216509776,-0.4742558575576474,-1.3448628230716733,0.04348578314835093,-1.3042872054944894,0.046450945173198394
2.2600000000000002,2.145803917715236,-0.4788802270602061,-1.341212885985671,0.04332931955344419,-1.3051381110070288,0.046878181239382255
2.27,2.1635645393199843,-0.4813356750680127,-1.3383374422967629,0.044248642597208704,-1.3046564698855831,0.04727203643446663
2.2800000000000002,2.1848894799960874,-0.48485845285049595,-1.3365122758282955,0.04500771722458823,-1.3021974098009255,0.04474536788397705
2.29,2.2022804711933492,-0.48894209679976974,-1.3319234474252648,0.044798938610982796,-1.3011878467325089,0.04746543766246946
2.3000000000000003,2.221637985423453,-0.4952816909389563,-1.3299390527102344,0.04485610831012832,-1.301876223883179,0.04629447884828757
2.31,2.239684911422751,-0.497201316015005,-1.326657773614844,0.04455147342965254,-1.2998531605913144,0.04753394733385483
2.32,2.255903171737391,-0.4992758186893864,-1.3259105211790116,0.04732196478300263,-1.2976751912297777,0.046117365254589066
2.33,2.274408606355084,-0.5042870324385714,-1.3206097177405274,0.04575526139171578,-1.2973285765240403,0.04587907182384549
2.34,2.290671576694708,-0.505778411686192,-1.3188212038030638,0.046942937144161825,-1.2961230031349906,0.046787006360835486
2.35,2.307821144298783,-0.5077159266309172,-1.3178552894905222,0.04780561280998232,-1.2939022368432271,0.04562606537695809
2.36,2.326871224715682,-0.5120182437008699,-1.3131225014506196,0.04705550917776058,-1.2942822944980386,0.046217046035630975
2.37,2.341731114872088,-0.5148365245202102,-1.311336021916779,0.04655614226731303,-1.2923865095713973,0.047233227383203374
2.38,2.358146183625989,-0.5185271024693162,-1.3092970376162762,0.04685585401861059,-1.2928936053135034,0.04503123984543241
2.39,2.373681244313646,-0.5223139676617594,-1.3070537831565825,0.04539676196133461,-1.2922715395779423,0.04746513576853041
2.4,2.3885041964002265,-0.5249340923984798,-1.3055362219806292,0.04953536738168308,-1.2903731958440952,0.046768171994121366
2.41,2.406429022042064,-0.526876300484217,-1.3022872338860287,0.04806027911321425,-1.2896137094202211,0.04698755121513214
2.42,2.419323803318797,-0.5314378310382168,-1.2984813884216801,0.04877057652480649,-1.2864228759141174,0.04664874875997881
2.43,2.435686637265472,-0.5336159457807537,-1.2967090374143484,0.048524281333168245,-1.2882928918564653,0.04699716516518807
2.44,2.4493971295435353,-0.536668291086418,-1.296505798969846,0.04824997479512263,-1.2879298711487408,0.04507933786254744
2.45,2.462724786719004,-0.5384373664824572,-1.293275512746351,0.04773878687032991,-1.2860061828999136,0.046505134539334636
2.46,2.4782385652035366,-0.5433458660441243,-1.2915326332852577,0.05146823195537369,-1.2846211393264622,0.047163545976979526
2.47,2.4899717824416916,-0.5443802140293527,-1.2884888085458281,0.049535220820870515,-1.2834407276108704,0.04549797938007785
2.48,2.5032997010316405,-0.5470441905938833,-1.287729179775712,0.0504776229978923,-1.2839626425960542,0.04578452597489353
2.49,2.515522114087435,-0.550633221807397,-1.2849823198212835,0.049743266831683924,-1.2820298587302958,0.04571175631192117
2.5,2.5278276894592904,-0.5526216317996266,-1.282229333512955,0.05127827141436213,-1.2820873116621083,0.04720044918951862
2.5100000000000002,2.538645473529644,-0.554457622902567,-1.27981373705473,0.051342268469271306,-1.281114337060906,0.04726541911093514
2.52,2.5530976177372597,-0.5584427895747328,-1.2812458946116372,0.05164058533568618,-1.2810883370209625,0.04795330310227398
2.5300000000000002,2.5635401699171148,-0.5606034819793456,-1.2791552346569492,0.049281350847181285,-1.2799796206012553,0.046664609606110775
2.54,2.5746098854100383,-0.5601250330545889,-1.2753239071488163,0.051749525711357686,-1.2809690190285272,0.047387746045215215
2.5500000000000003,2.586294722382355,-0.5628831789680172,-1.273884859070162,0.05109250864477271,-1.2767041135271169,0.046031265608164396
2.56,2.5969574180876323,-0.566647514492992,-1.2739752824741952,0.05363654432436835,-1.278055850512382,0.047620348873434776
2.57,2.606666972443985,-0.5672235531913162,-1.270446064040611,0.05230443131392434,-1.278773441894904,0.04620466741005979
2.58,2.616760490665221,-0.5686787580993778,-1.2715272574777574,0.05206997377390681,-1.2771385999586962,0.04660433670881898
2.59,2.6245607019079706,-0.5713992044431098,-1.2693697962010198,0.05355993176365892,-1.2753565778733227,0.046813061784671706
2.6,2.634564088738162,-0.5724907250025667,-1.2680714762107463,0.05206384020993383,-1.2763350897896417,0.04640275700768477
2.61,2.642699092444477,-0.574168540617446,-1.2653976113856753,0.05185108198670379,-1.2749647584669357,0.04678063164518426
2.62,2.6524849165758977,-0.5759537009714678,-1.2660289242260716,0.05229935583694996,-1.2744532271533568,0.04788556517708273
2.63,2.6583925836856515,-0.5772086927491752,-1.2624985946789684,0.05342585809421949,-1.2735110289381892,0.04638886248622939
2.64,2.668025553486269,-0.5804287275929076,-1.2644089557676508,0.054534034358929125,-1.274382968676292,0.04661890613214878
2.65,2.674393513983337,-0.5816846475117348,-1.2613910287986463,0.05322011079269674,-1.2727456337073502,0.04742477153186692
2.66,2.6830280749426927,-0.581622606134342,-1.2587881356158328,0.053064202411719566,-1.2726952120788892,0.04803115252895453
2.67,2.690669759599584,-0.5843852448719266,-1.259412347323849,0.05531374940759322,-1.271795255134734,0.04722534361751361
2.68,2.695870790553859,-0.5847307904730502,-1.2579116804975032,0.05403473910380906,-1.2718865571149693,0.04713520357895574
2.69,2.701643115989859,-0.585121090761265,-1.254691656111823,0.0528244386761062,-1.271196612694355,0.046414315344362383
2.7,2.70859595980436,-0.5866733824399508,-1.2556892303510465,0.05551498269444623,-1.2709604045847291,0.048076132111878195
2.71,2.711590615609621,-0.5863943389094677,-1.255193082773559,0.05553767237149677,-1.2718605768717273,0.046373208198370416
2.72,2.7189994669974364,-0.588805935765566,-1.2544860795381132,0.05564540462210116,-1.2720226865716966,0.04795741621952909
2.73,2.7238111182510463,-0.5899191373245083,-1.2552753124456977,0.05523397354332559,-1.2722933701465748,0.04768229028026518
2.74,2.7271346883490613,-0.5905873041103595,-1.253398876397557,0.05590577209599767,-1.2700649045208299,0.04651903360378761
2.75,2.7323341752790413,-0.5903592685940414,-1.2521743571079196,0.05463309715913517,-1.2698552581043812,0.04576496055677917
2.7600000000000002,2.737167148923275,-0.5937864967166997,-1.2513770268871158,0.05516073360030652,-1.2673230693784716,0.046179811241822986
2.77,2.740509047026026,-0.5914079506419032,-1.2504264480079106,0.05451432091683389,-1.2689846512279637,0.047148379894981954
2.7800000000000002,2.7443404334610095,-0.5942605132391207,-1.2510184306867165,0.05379535935430531,-1.268852670875472,0.047545633104142664
2.79,2.747123942091491,-0.5956821605709536,-1.249592436194459,0.05557086278384346,-1.2694106901030804,0.04691384573242667
2.8000000000000003,2.748980562896876,-0.595739415145651,-1.250478168937426,0.056382519388715586,-1.2691573279874329,0.04772273981357641
2.81,2.7525356897879942,-0.5951513777009878,-1.2497239345976552,0.056125257615997466,-1.2689032292255686,0.0457966368694204
2.82,2.7542706472399585,-0.5963080384325679,-1.25031897016126,0.05576944930254254,-1.2686948726453273,0.049245601763389234
2.83,2.756195902325437,-0.596096954258396,-1.249877104028128,0.05502441483988786,-1.268031007526608,0.045148114234477066
2.84,2.7599284201285563,-0.5950012225068079,-1.2489863287342582,0.05572082575979037,-1.2671395761320723,0.04703791748485802
2.85,2.7610074300631062,-0.598993180798247,-1.2477617002591386,0.05543023569181487,-1.2688102822591907,0.0472946912794207
2.86,2.762590988613809,-0.5977739364283977,-1.2475535080263087,0.05439190400748095,-1.2669175437789972,0.04596735300356087
2.87,2.763911690466143,-0.5959024651318577,-1.2468898338861805,0.0556720874688288,-1.2685689793256112,0.04672768388047434
2.88,2.7657582519084363,-0.5977798471762439,-1.2477718482042164,0.05558344647082814,-1.2678631117854942,0.04593336105044684
2.89,2.7662738759960415,-0.597212948488805,-1.2487317198194456,0.05546498889034505,-1.2683296546530687,0.04729074763743408
2.9,2.767253620570391,-0.5968891113099035,-1.2469650037387128,0.05450254109345506,-1.2669764963707868,0.046519124602577046
2.91,2.767807533874699,-0.5980429193958822,-1.2477282035776274,0.05644045011240521,-1.2681950913090663,0.04665629367743687
2.92,2.768319471958227,-0.5989223755610229,-1.2462524527738787,0.05622132752719185,-1.265992162636336,0.04917636358061039
2.93,2.7684501649710085,-0.5984554350059726,-1.2481693327577437,0.055002912526978975,-1.2680068091796104,0.046275750802962784
2.94,2.7687789642043246,-0.5987097105648986,-1.248152472647225,0.056423155598937964,-1.268237036259068,0.049650727872142406
2.95,2.7695544026631707,-0.5985693904233267,-1.2481832813306712,0.057182000486570225,-1.2664441292926303,0.0474584760905698
2.96,2.7689432504155556,-0.5984811987802602,-1.2480059163531545,0.056972614035473934,-1.2667047188318887,0.047282960272187424
2.97,2.7680967316073533,-0.599543331307581,-1.2464114129955266,0.05675693941246875,-1.26643668936618,0.045810567989055084
2.98,2.770540127268484,-0.5978093590831737,-1.2484506332720167,0.055692653806748135,-1.267162407494958,0.04693749201353153
2.99,2.7686807837383394,-0.5989836664334703,-1.2472860639571586,0.05557072600117419,-1.2678918953949183,0.04681339375427559
3.0,2.7702653497319663,-0.5983138855176334,-1.2472656624671519,0.0553425138711356,-1.2673194058977475,0.04552368462195668
3.0100000000000002,2.770716291680889,-0.5987004913949402,-1.2469653608634574,0.056538398845219565,-1.2691041530341711,0.04547750500417899
3.02,2.770538938930276,-0.598706210627719,-1.2468514926015162,0.055296718048781474,-1.2668202420493397,0.04801388092710927
3.0300000000000002,2.7707223542275408,-0.598927615769103,-1.2488393059711609,0.0563712852277902,-1.2663338406104252,0.04776248332552732
3.04,2.76953236717011,-0.598112003467451,-1.2462490461642426,0.057060323797883894,-1.2681645501393588,0.047002381094673445
3.0500000000000003,2.7709521178850296,-0.5986499002614799,-1.2479750522739606,0.05606182096530516,-1.266895022461748,0.04727676210802832
3.06,2.7704916239983524,-0.5989257634889379,-1.245709958265444,0.05491399779236181,-1.2679125340537778,0.047209586669053887
3.0700000000000003,2.7710670320878523,-0.6000067045974588,-1.2481434496230794,0.053921746413913924,-1.2673714680334824,0.046224094072277
3.08,2.7699644167220643,-0.5981228386492755,-1.2475598516384934,0.055901831639877206,-1.267661221603315,0.04778653038741097
3.09,2.770714627457193,-0.5993038260601871,-1.2471471764193052,0.05661083794180877,-1.267056713920644,0.04598092062834038
3.1,2.7708721346901495,-0.5996465013231809,-1.2457673498100865,0.056593694831053996,-1.2671470271995757,0.047337211540511716
3.11,2.770117584944473,-0.5981078761497214,-1.2473235649925816,0.055905573493058164,-1.2666390937221472,0.04670973130281148
3.12,2.7697622703930143,-0.5997422805055403,-1.2479289277108825,0.05410442408936593,-1.2667631042327918,0.048778575732327495
3.13,2.7715438341493766,-0.600119026412107,-1.2463674449691442,0.05694102190598423,-1.2677986419109932,0.0472885295841266
3.14,2.7685477827617775,-0.5984672287817328,-1.2479281309535128,0.05587421441824169,-1.2687624065641978,0.04767373316943323
3.15,2.7711940559707307,-0.5993834533611122,-1.2479921521192945,0.05381851495793185,-1.2676324896670743,0.046692463546857924
3.16,2.768946480224609,-0.5983046665564532,-1.2473926732349998,0.05476124328197716,-1.2678839557209567,0.048134889574794074
3.17,2.770826161742522,-0.5988134691443274,-1.2464597289506085,0.05468691320176413,-1.2673717517581555,0.04732856298643501
3.18,2.7698899902990313,-0.5983199909141144,-1.247681056668813,0.056144902497277056,-1.2669184123715385,0.04465429776373756
3.19,2.7713387376815763,-0.6013595611328203,-1.247537604192483,0.056594784958832474,-1.2676768849014264,0.04592051135796593
3.2,2.769345534356098,-0.5978038556809527,-1.2486768290325032,0.05668523059687514,-1.2674480856526524,0.04615943877491869
3.21,2.7697911361035157,-0.5995876956991827,-1.2462440759090636,0.05633916384067661,-1.2689002511079228,0.04684779943483692
3.22,2.7695467284068043,-0.5975711996071508,-1.248178183741979,0.05709995399165371,-1.2674290551414082,0.04618602094582308
3.23,2.769708966777514,-0.5993995444058715,-1.2481123143910842,0.055782752046081095,-1.2684715584648008,0.04529727153791463
3.24,2.7699686697745673,-0.6002732888283737,-1.247656384182622,0.05490665806772401,-1.2681602794476572,0.048946169716683294
3.25,2.770349228379166,-0.5984858734002045,-1.2485501999548996,0.0551293095065688,-1.267212113010966,0.046305929859389486
3.2600000000000002,2.7710924343217207,-0.5997495507663234,-1.2472499015968532,0.0551885734647857,-1.2672566031732369,0.04664106697098939
3.27,2.770063600714247,-0.5989060623782281,-1.2476408742176408,0.05612332425932555,-1.2671919668980305,0.047122669744607514
3.2800000000000002,2.7699243542394223,-0.598004884201516,-1.2472058042021756,0.05543235612602503,-1.2673086407142222,0.048680551183166526
3.29,2.7691303185510243,-0.5980281731223506,-1.2486521035033706,0.0558896065993648,-1.2660254809333304,0.04762644373514085
3.3000000000000003,2.7704488984703497,-0.5991890844260833,-1.2469729062063974,0.055480033697468234,-1.268085893982603,0.046947035804435926
3.31,2.770473120221343,-0.599369523196168,-1.2477036136234962,0.05451296366926853,-1.2670590280912404,0.047675884320452035
3.3200000000000003,2.770502161874928,-0.5978577298529395,-1.2469233210213497,0.056042094078043087,-1.2671348518265921,0.04712011626319063
3.33,2.7698367705678844,-0.5967677873356393,-1.2473944016328031,0.055118912076265236,-1.26702125497974,0.04741978443912915
3.34,2.769074088109501,-0.597720278400866,-1.2470822002738695,0.05473052973128495,-1.266362590155456,0.04774600493868252
3.35,2.769196478935539,-0.5971491154013779,-1.246425090840927,0.05569110221057144,-1.2660122723007385,0.04733901354094787
3.36,2.770275492893768,-0.5992762205537943,-1.246492239703996,0.05611591455022892,-1.2673871891612136,0.04651060685395926
3.37,2.770413385187592,-0.5987609109312722,-1.248163675867635,0.05441560142489367,-1.26690681063805,0.044929424106659024
3.38,2.7704792545006867,-0.5991172061727903,-1.2458583394640952,0.05526936774981724,-1.266824491454819,0.046853627331183124
3.39,2.77039926398982,-0.5980569888243236,-1.2474036560111894,0.05656965819556645,-1.2682671649862793,0.04745708075277265
3.4,2.771105155048617,-0.5981240086290827,-1.2453275863483997,0.05503377351368756,-1.2686035347656224,0.04633227892442925
3.41,2.77087634486533,-0.5982654802687905,-1.2469107642303532,0.05472003510673005,-1.2667307820402776,0.04613124346325465
3.42,2.771311374303855,-0.5962064145671607,-1.246680211047231,0.056208857843119665,-1.2678301012858924,0.04562029086917869
3.43,2.7697740281324803,-0.5996537310168275,-1.2482627497074934,0.05720304259461413,-1.2671618825327584,0.04753133992053227
3.44,2.7700303271132514,-0.5988508584785063,-1.2461582707396284,0.055671780540408014,-1.2669368821730547,0.04702895398272724
3.45,2.770001415275576,-0.5999277642241351,-1.248725911645827,0.055471744181430784,-1.2673506973354118,0.0460776398125318
3.46,2.7702699150047985,-0.5986530920397215,-1.2488814719202548,0.054901403081294535,-1.2670445952064913,0.04753777246132707
3.47,2.769293228710558,-0.5985617279912707,-1.2461077813810642,0.0563781240831303,-1.2674831525356876,0.046791613625557324
3.48,2.769750793330955,-0.5982917502241131,-1.2468297396642467,0.05624925861158629,-1.2672849183881938,0.04791450633650991
3.49,2.770382547557396,-0.5980152299150128,-1.2462400637727884,0.054997918069130104,-1.2689779033484117,0.048546951615923234
3.5,2.7705239769952463,-0.6001961711927706,-1.24762292502457,0.056373587390667744,-1.2676440640772408,0.0467531421130223
3.5100000000000002,2.7715225000446964,-0.5996139304459107,-1.2476965202014336,0.055884469499188856,-1.2670592637927505,0.047633141008429254
3.52,2.7710952052073585,-0.5985267074622519,-1.2465729319479575,0.0554737972486648,-1.2673452854086553,0.047293841275018414
3.5300000000000002,2.7704877085342474,-0.5980258318377478,-1.2465155440010918,0.055738586614298605,-1.2681060956250332,0.04725905431310805
3.54,2.770275549870223,-0.5985314172689028,-1.2450744434180911,0.055242922024106814,-1.2670314833110623,0.0481324090503039
3.5500000000000003,2.7703855228037146,-0.5966598452634383,-1.2473299015171313,0.055982821199985634,-1.2680970895166115,0.04689323679847743
3.56,2.7705172358178145,-0.5979614603819864,-1.2467215372260092,0.056798784989082175,-1.2674828728672511,0.04691012827414002
3.5700000000000003,2.772659672152346,-0.5983559627490956,-1.2476278660942333,0.0550941405735744,-1.2682226434150496,0.04801731094664917
3.58,2.7699820208259758,-0.5985888552728151,-1.2470554217736263,0.05633834754859554,-1.268138923617132,0.04626138611318009
3.59,2.770495736325684,-0.5981755640905778,-1.2467098108133587,0.05499361836423527,-1.2668087829436576,0.04655085888226218
3.6,2.769844871673605,-0.5995237548496103,-1.2458645251363105,0.05625276457219918,-1.2668720436820826,0.048288397288370664
3.61,2.7727544995042757,-0.6001915811587134,-1.2476443551227963,0.05516228580062007,-1.2681424801875578,0.046259631218249095
3.62,2.7700385033709276,-0.5997616870261898,-1.24670762037764,0.055745115296334184,-1.2669802233001701,0.04764307665935701
3.63,2.7708262227502196,-0.5990258607701974,-1.2451489531858544,0.055904579742586946,-1.2690253245600749,0.0463252621447123
3.64,2.768781124610033,-0.5986848726823348,-1.2471062951102931,0.05529122146353511,-1.2656451359162142,0.04767907793448518
3.65,2.770933640355029,-0.5995125148971309,-1.2478719184029106,0.05573211885710408,-1.2672490227891806,0.04558006256054985
3.66,2.7701426524393407,-0.5986877197910622,-1.2471877530662814,0.054990182960019805,-1.2678708332677435,0.04704566123798663
3.67,2.7703792379686445,-0.5981722197798073,-1.24605677502415,0.055443133153934974,-1.2677980713762793,0.047581926624660355
3.68,2.770833062750522,-0.5990789113586977,-1.2463102515720328,0.05655484947537218,-1.2662727909135405,0.04875187774896559
3.69,2.769543909284399,-0.5986878715243509,-1.2469901583530982,0.05561441466599637,-1.2679665887829155,0.04590360259005476
3.7,2.7703808780741066,-0.5993705168042722,-1.2469249565312852,0.0550070662896579,-1.268359632939101,0.047404463891030056
3.71,2.7704317038777457,-0.5981944811151503,-1.2450924740137985,0.05594198076504704,-1.266976686301167,0.046259650345954986
3.72,2.7691769613997117,-0.5973187207328142,-1.2478058881367715,0.05478898693730986,-1.2674341202454604,0.04712129227131224
3.73,2.769512414497095,-0.5989661393398474,-1.245927167299147,0.05499663788879269,-1.268616208677332,0.04802256810964983
3.74,2.770729610100536,-0.5992415046500127,-1.2483807011873935,0.055050193537144784,-1.2674477386269236,0.048217240798353794
3.75,2.7693954115785853,-0.5987737575107885,-1.246410825137879,0.05362195222723324,-1.2664978513803946,0.04616811721364533
3.7600000000000002,2.7705897207231307,-0.5984847283415051,-1.2460535198223317,0.05618077221880518,-1.2694745773178522,0.04651515091179028
3.77,2.770420606727518,-0.5988701520493978,-1.2465832060111446,0.05638885227007817,-1.2668690256929913,0.04701300983739514
3.7800000000000002,2.768688767002726,-0.5990974823736807,-1.2466366502457273,0.0547484052561834,-1.266849108873737,0.047992722697018105
3.79,2.7704107123224206,-0.6013736523111731,-1.2481153425030374,0.057346010556611246,-1.2678769441987465,0.045468508396263325
3.8000000000000003,2.771377956700134,-0.5986883450477006,-1.2460357575214547,0.055941692038726974,-1.2669998316628999,0.0475167853293903
3.81,2.77090867337686,-0.5967125670093762,-1.2461526371189895,0.05432089378024371,-1.267010214295822,0.04819612988757975
3.8200000000000003,2.7713495544495226,-0.5990722830779898,-1.2459833941914324,0.05650960797412606,-1.2651550550329957,0.04654550001533947
3.83,2.769857209465765,-0.598967139264935,-1.2474277995292191,0.054923310375277826,-1.2698108891869104,0.046820653146342234
3.84,2.770622325713027,-0.5991304172573421,-1.2453110613033138,0.055711672598601096,-1.2662733646124062,0.04742813234670302
3.85,2.7710211764260095,-0.5984563157737737,-1.2458055100711294,0.05574881629206182,-1.2669670530078263,0.047519685792534155
3.86,2.770048423478503,-0.5983465862561201,-1.2450501301621288,0.0554640341536555,-1.2670339478261594,0.04829761919774759
3.87,2.7712950587029574,-0.5986897754967129,-1.2490798990110723,0.05615090827198754,-1.2693368566738117,0.04848276222387864
3.88,2.7704478938524213,-0.5978276198453293,-1.2477872404790087,0.054345181646454806,-1.2671724488728864,0.04717067546663845
3.89,2.7698710497087795,-0.5986261190951129,-1.2445849565923086,0.056428260924679896,-1.2664841396916298,0.04793647387183262
3.9,2.771591074278442,-0.5988658688253446,-1.248793117508076,0.055535427552772056,-1.2666916269602275,0.046353689500905
3.91,2.770146091673778,-0.5993036829840532,-1.2456892322047035,0.05635402462605072,-1.2668314235479639,0.04774244947743406
3.92,2.770267493894953,-0.5985275996205948,-1.248034268658708,0.053791969428349136,-1.2672690295065183,0.047482734835816456
3.93,2.771355282412337,-0.5973287508177425,-1.2456299178592725,0.05482906011422185,-1.2677074092349765,0.047619170748668935
3.94,2.7725095036486627,-0.5974083697819523,-1.2460231416942824,0.055361591168804375,-1.2681707370758029,0.04788845200299885
3.95,2.7693394918494976,-0.5989080749690524,-1.2471001626559386,0.05709007803250072,-1.2677095317892295,0.04507135312644131
3.96,2.7707402109997887,-0.5993100116440028,-1.2469627974130033,0.05562433587466741,-1.2676388517951442,0.04788970226821353
3.97,2.7689623230442284,-0.599151180025255,-1.2464030643103816,0.05516410993919355,-1.268803948705247,0.04778342459858154
3.98,2.771280084955634,-0.5987392657260494,-1.2487111605908268,0.05631607482496823,-1.2688485254372364,0.0474694782054389
3.99,2.769525541713296,-0.5997121507165306,-1.2473856392397793,0.05554004270647421,-1.267962177751888,0.047713740526106926
4.0,2.7699107310326787,-0.5978446220995667,-1.2467546301245633,0.055091266501194,-1.2681556751048606,0.045762288258360054
4.01,2.7705508124310985,-0.5990088772233604,-1.249070567209568,0.05523244413162295,-1.26818647433834,0.04857503288595997
4.0200000000000005,2.7687910185769367,-0.5999533791463406,-1.246034831242431,0.05688355101107502,-1.2680515003266573,0.04664835968932035
4.03,2.7707606372961697,-0.6007159166443243,-1.2486357956968068,0.05545351261099482,-1.2660520879536656,0.04681961518581301
4.04,2.770206641325689,-0.5976756225208184,-1.2451886793710147,0.05519307306932299,-1.26742556726314,0.048789717137639334
4.05,2.768619940445072,-0.5977355040212584,-1.2479415308435857,0.05578257857046,-1.2676328029958064,0.046363345278054365
4.0600000000000005,2.7688389907419033,-0.5983425816538782,-1.2462219135682235,0.05557504499586621,-1.2673749599381368,0.047697359820579155
4.07,2.768501737931027,-0.597871383801178,-1.2464278926109629,0.05795359428332603,-1.2677851712842414,0.04679854068169493
4.08,2.7695633129332813,-0.5977139594010237,-1.2476786299921774,0.05532077343812083,-1.267012144496891,0.046475267207598134
4.09,2.76795279970822,-0.5982385937148673,-1.2464299525395968,0.05513367460011766,-1.2691269875234055,0.04552387962708736
4.1,2.7664937217671675,-0.5993243355156745,-1.2475420042773464,0.054609811657905294,-1.2681755227066802,0.04651961850569246
4.11,2.766340201022034,-0.5968570057989568,-1.2469599646358744,0.05564448285007751,-1.2680166057241262,0.04681550924234706
4.12,2.7659803198840627,-0.597302808687844,-1.2484845940499099,0.05564218838015419,-1.269448956741616,0.04737648001476168
4.13,2.765155107225998,-0.5978249582366456,-1.2462884176559155,0.05481788629707578,-1.2675584593181646,0.04715829811090056
4.14,2.7630128195876322,-0.5974125625483051,-1.2479891301003445,0.056299846593625774,-1.2666291971040686,0.04718510056758138
4.15,2.762225910963941,-0.5976196333303261,-1.247652647956863,0.05486403071161213,-1.2669747685395494,0.04911336290307817
4.16,2.7596152120634834,-0.5985751776810679,-1.2490689130325094,0.05656911448693978,-1.267551338490583,0.04739821199713335
4.17,2.7585925735762946,-0.5958518923507602,-1.2478301136294538,0.05625733725497346,-1.2668264851419522,0.04749049222600755
4.18,2.7562666131315954,-0.5961119066906081,-1.2497538332832714,0.05690090753189029,-1.268099739070938,0.047875757424500676
4.19,2.7531134428292274,-0.5958795842275965,-1.2495909593628118,0.056616513187052554,-1.2679519799173635,0.045675384561738384
4.2,2.750102307776804,-0.5932892312539723,-1.2501954129584856,0.05373930593586193,-1.2669472592024085,0.047759547804359044
4.21,2.74726130522292,-0.5945968859093017,-1.2495105627408316,0.05477978493664181,-1.2677750796461278,0.04763187046265523
4.22,2.7443079058104343,-0.5935238139145848,-1.2510931723472207,0.05610241627713005,-1.2697257424109956,0.04573751929727931
4.23,2.741134836761352,-0.5924263933463872,-1.2510470421370268,0.05547769067162178,-1.2694598239294594,0.04783384342706558
4.24,2.7367883842644347,-0.592675854573687,-1.2523052695841612,0.05681183087340723,-1.2709201300316724,0.047576008022473124
4.25,2.73131096925792,-0.5915645197650831,-1.2530207758691074,0.05315009236401872,-1.2693094203343798,0.04680093479299861
4.26,2.726604893212098,-0.5899012935657454,-1.2520426028390819,0.05618553632795951,-1.2695957498865498,0.04716497707991552
4.2700000000000005,2.7249629262220294,-0.5882731474606003,-1.2530022969117476,0.053973334205765985,-1.2700109570906108,0.04750000995462654
4.28,2.7172929230951817,-0.5883814729577542,-1.2527495439198872,0.055257436259590606,-1.2691964457697844,0.04726722197807714
4.29,2.7135725064130147,-0.5874495483141666,-1.2562323293027076,0.05375602408925863,-1.2696909752683112,0.04829578630376893
4.3,2.7072271775777845,-0.5858692731852583,-1.256429960957089,0.05478569861006832,-1.2707267071606407,0.04795596460437581
4.3100000000000005,2.702307030275362,-0.5843548627520794,-1.2569648006879093,0.05491985559180356,-1.272206525750397,0.04896149170196589
4.32,2.696470755876333,-0.5837736533502342,-1.259566605947875,0.05353703412192256,-1.2707691429530146,0.04731697299892672
4.33,2.6878961525632747,-0.5822384431360617,-1.2596143057967624,0.055360171579052916,-1.2723152888866673,0.047233584760771476
4.34,2.6837769127624744,-0.582614034972066,-1.261031420404531,0.053824376508354255,-1.2719254279226035,0.04588128469045991
4.3500000000000005,2.674147778303487,-0.5797353847134002,-1.2617655246307302,0.05351450523508167,-1.2746958483819102,0.046437336032299964
4.36,2.6681231164338355,-0.5782023058585215,-1.263036155575775,0.05515764950569932,-1.2741207862728952,0.04642031911708794
4.37,2.661666424232741,-0.577325862310859,-1.2640184681749749,0.05342401916734539,-1.2728103917461147,0.04828190933798588
4.38,2.6514741075122554,-0.5759794402512424,-1.2646817428798025,0.052540341465112626,-1.2745274984425845,0.04699242953254532
4.39,2.644709435351325,-0.5732562871511943,-1.2663216978377156,0.05304937719152242,-1.2744069830109845,0.046461888574783
4.4,2.6354198934378625,-0.5726895448819227,-1.2682048398472847,0.05222964244781452,-1.2742517950642323,0.04682023250840549
4.41,2.627192892017025,-0.5712990794004104,-1.2684798391264693,0.05497464631770921,-1.2769854134276304,0.04528414983277921
4.42,2.617402246837172,-0.5697454319644889,-1.2701778108873885,0.05219077177171134,-1.2763969361421112,0.046093769771739485
4.43,2.606303162508816,-0.5667394219976478,-1.2725161634714646,0.05190001653073061,-1.2775226034508282,0.0456587499379607
4.44,2.5959348437200647,-0.5650713563102557,-1.273512145616479,0.052076442380691305,-1.2778455399501185,0.04631513400396642
4.45,2.5864131450118326,-0.5619000467336547,-1.2751466100697915,0.05253242825312885,-1.278666188710252,0.04718747214679597
4.46,2.576346699410912,-0.5606226434378122,-1.2779174091489482,0.052294403589021,-1.2780302708001199,0.046655687106826195
4.47,2.5646840667339013,-0.5595175248589993,-1.2793450612414956,0.0518040890514876,-1.2813081226274086,0.046619766088782
4.48,2.5534390364444084,-0.5583662535821262,-1.2808943593944708,0.05055645353155905,-1.280519746535133,0.04648919696555316
4.49,2.541705322578582,-0.5535871557170171,-1.281124689837381,0.05135386077856013,-1.280830444765016,0.046034865353800546
4.5,2.5290699321525874,-0.5530470041833228,-1.2826567382355498,0.05202514366549087,-1.281718524983383,0.04661145947180513
4.51,2.5161800374600887,-0.5521669558360329,-1.2850002436943702,0.05064798573517297,-1.282695357256129,0.047359357231981564
4.5200000000000005,2.502947897724466,-0.5481951896998788,-1.287314759707251,0.05055637291644944,-1.2833190750675958,0.04686106311657352
4.53,2.490778809255667,-0.5456158880211585,-1.289014073302874,0.05136730691460419,-1.285720712365462,0.046852921847795805
4.54,2.475898622126589,-0.5423977791713395,-1.291981296262692,0.04983163375199572,-1.283407020865291,0.04556853893612382
4.55,2.461608565443375,-0.5405553047603696,-1.2917563484306311,0.049307903362938256,-1.2858620872951498,0.046295709040185234
4.5600000000000005,2.447710289659955,-0.5369086291627606,-1.2932379867743904,0.050651835203213515,-1.2874287883558426,0.04718699416509377
4.57,2.4334030125472728,-0.5354779390023222,-1.2966596879291894,0.05016899575557254,-1.2866349935873602,0.046185961257906985
4.58,2.419270089415022,-0.5304386215777713,-1.2994201008560884,0.04852672996063209,-1.289842552674306,0.04666893578822629
4.59,2.405341009833102,-0.5292447370537936,-1.301462282195872,0.04886728609336444,-1.288674989950922,0.04730352322416973
4.6000000000000005,2.3884781567493865,-0.5266598312701974,-1.3047882036173424,0.04905576995801355,-1.2907204956337597,0.04590939694235994
4.61,2.3718850396272244,-0.5207116713378579,-1.3059492503648906,0.04864788694582773,-1.2903385500320301,0.04699029076730696
4.62,2.3573616682644145,-0.5193205841344355,-1.3094337285172166,0.04996579505775105,-1.2916508388531789,0.04605370853079073
4.63,2.341796535203641,-0.5169414397629982,-1.310181318628009,0.04677463526056481,-1.2926686783738035,0.04735961268119489
4.64,2.325261590391805,-0.5128045322362409,-1.3139605535114591,0.04698180105769415,-1.2945959932850732,0.0460075414222281
4.65,2.3094778449613007,-0.5097564508143441,-1.317172748687609,0.04625468276284098,-1.2941357067185804,0.04695929223250793
4.66,2.2916672700866774,-0.5066093557964129,-1.3185441715131059,0.045812566567688624,-1.2963418843021481,0.04718546910992009
4.67,2.274669298478882,-0.5039136108823646,-1.3223882581600674,0.046132851968183126,-1.2956441576138507,0.04463647632937422
4.68,2.2566195340651736,-0.5008799995175433,-1.3248311335408234,0.045378762335647235,-1.2985680674576943,0.045810801577478494
4.69,2.2386014540349772,-0.4967202052790614,-1.3282275736409814,0.04603124480568561,-1.2986098018282983,0.0469804865645476
4.7,2.219223524507057,-0.49251885820217134,-1.3290721324771153,0.044099899870117656,-1.300339224268306,0.04611082683645429
4.71,2.20390925437616,-0.4875807735389324,-1.3338611395956335,0.04682061076420847,-1.302240679199624,0.0470352680216034
4.72,2.184649377686942,-0.48656475719717607,-1.334759945563573,0.044190331700477994,-1.3020669683283885,0.04634753087496489
4.73,2.1661210527433754,-0.48202211350549495,-1.3381526010593139,0.04487619008279408,-1.3031664963748208,0.046751214763481
4.74,2.1455522634302904,-0.47934985807451774,-1.3413502278381122,0.043009174936554,-1.3041223243196818,0.046930255414589055
4.75,2.1268395256276547,-0.4734978207927304,-1.3425412282835358,0.04339046348567692,-1.3066738093617518,0.04741890389255308
4.76,2.1075588901261058,-0.4709056884557228,-1.3469433426238577,0.04202468457128597,-1.308398676861261,0.046561620855522574
4.7700000000000005,2.0873674715259845,-0.4645768997409557,-1.3505361087861918,0.04132315623535685,-1.3078442229575145,0.04730877126216666
4.78,2.068355520799379,-0.46294173470464745,-1.3541671904616648,0.04144472883267012,-1.3104101090216727,0.044284965370627746
4.79,2.0484657696590034,-0.46155725506053374,-1.3567098803075877,0.04117914703982491,-1.3113934341328128,0.046248818175274375
4.8,2.0285189250238793,-0.4549450374516616,-1.357923581331286,0.04225202696616084,-1.3118750181198264,0.046131576829503695
4.8100000000000005,2.008418908332547,-0.45169398336720606,-1.3619761974464404,0.0405716362695642,-1.313802228578849,0.04619824521098362
4.82,1.9874502240487089,-0.44845797767483053,-1.3652810566934745,0.03940761738461198,-1.3134596256280988,0.04586219666265873
4.83,1.9661864042759185,-0.44320589017285766,-1.3682887382934492,0.03883565703436671,-1.3146568427085619,0.04528788464521483
4.84,1.9458448713144532,-0.43987989487726353,-1.3699208320320255,0.03967690040133986,-1.3178373286203342,0.046193952797742015
4.8500000000000005,1.9249041750299136,-0.43424632595534896,-1.3740577301984196,0.037302672362432725,-1.3177301063845264,0.04737880713087893
4.86,1.9056998387151243,-0.4302492968840642,-1.378104811544483,0.03964030446058748,-1.3199307927985713,0.0458398187784973
4.87,1.882090596217051,-0.42833957381841803,-1.3809812804558086,0.03921728947932405,-1.31986795271936,0.045847707899888866
4.88,1.8607878333048342,-0.4239576260963137,-1.3842353395031377,0.038778757553754595,-1.3208112441055009,0.04648985392786244
4.89,1.8399684145931392,-0.4219648772232647,-1.388334870279736,0.03884507815926998,-1.3234684711182054,0.044874512989541065
4.9,1.8206268745306113,-0.41434028416934365,-1.38999456790273,0.03693123031377023,-1.3245182048679733,0.045689369813495265
4.91,1.7990688237800008,-0.41092911279203703,-1.3926183706631041,0.03778876260109951,-1.32671347531813,0.04611120729618412
4.92,1.775816344489323,-0.40933185599875227,-1.3983569423158158,0.035459492730522915,-1.3265236662024593,0.04551296743560633
4.93,1.7545655039543748,-0.4012585680704548,-1.400865544157974,0.035902257658203304,-1.3280202571759552,0.04473220644467556
4.94,1.7326994845704828,-0.400170480855563,-1.4017951509695108,0.034908418225341784,-1.327815537008373,0.04530734441862406
4.95,1.711789657948904,-0.3946238544188577,-1.4063277068966782,0.03456959873886806,-1.330789794364248,0.04557405333282217
4.96,1.6883821462235529,-0.3904811144860795,-1.4101152149499692,0.036661266358829554,-1.3322801561788453,0.04660580151837907
4.97,1.6670348509625394,-0.38593363039940937,-1.4140231001443666,0.03383877545863343,-1.3333283248894257,0.046602103584110904
4.98,1.645512029920218,-0.3807352244587547,-1.4156019906597794,0.03522307310855122,-1.3348753494704226,0.047264591810360884
4.99,1.6229899509479535,-0.3783910826383262,-1.42051087749842,0.03541073683654851,-1.3354215471503903,0.04484779703024552
5.0,1.6025899779246293,-0.372899875356473,-1.4210342301055294,0.03159926103991089,-1.3376815703796767,0.044696373949465844
5.01,1.5778640979015253,-0.3683524714479614,-1.4262810583283316,0.03316891592552232,-1.3367040604476164,0.04475236435070665
5.0200000000000005,1.557314161287341,-0.36495369770646835,-1.4284773318688422,0.03160255206241998,-1.34062679245024,0.0459438426766034
5.03,1.5361248614932344,-0.3626244604727658,-1.4336993636154058,0.032981155538830915,-1.341037200356,0.044316804428768564
5.04,1.5137847486382827,-0.3566164561762,-1.4352751482711175,0.03006026070891991,-1.3434320152555006,0.045180866751091626
5.05,1.4920203659244005,-0.35192361982963627,-1.4402720697712807,0.031132393084195548,-1.3430536639855357,0.04532828220428276
5.0600000000000005,1.4704466330722705,-0.3483094125598524,-1.4432030188176967,0.0303339302413562,-1.3442124311896095,0.0447604444204448
5.07,1.4478188858836136,-0.3444684791865005,-1.4455666705065808,0.02964784977137358,-1.346190565704379,0.04528154130637775
5.08,1.4277023799532054,-0.33862156127979104,-1.4481311852803498,0.02873675466129337,-1.348701236627337,0.04472021833235393
5.09,1.4049337561079456,-0.33669559229864093,-1.4526334982866838,0.028717527409574395,-1.3497935573083877,0.044471955661061956
5.1000000000000005,1.3848350093705482,-0.33138178750924857,-1.4533270362196078,0.02886152364988227,-1.3507502053276277,0.04471247374549629
5.11,1.3625963636111096,-0.32704598569255644,-1.4568948223517622,0.02755784414844822,-1.3510320307662718,0.04485165278980136
5.12,1.339662660269515,-0.3226417690493269,-1.460809559717806,0.02713215018938398,-1.3530683919210427,0.04312636077271244
5.13,1.3187000273594671,-0.31830824159122967,-1.4655158813012021,0.02649923479473053,-1.3541330460846681,0.044137972036585225
5.14,1.298264541768187,-0.31450771040663456,-1.469298900703483,0.02626561847418418,-1.3554648061376977,0.04540188027884127
5.15,1.278753090290174,-0.3116865254155894,-1.470625231223104,0.025962597979443208,-1.3552643655489922,0.04352877270635442
5.16,1.2579576133784847,-0.30765706097855927,-1.4728251818066866,0.02675661011628842,-1.3589957401627228,0.044024930377208706
5.17,1.236742369871983,-0.30216991326062853,-1.477762056552945,0.02587591132405154,-1.3586901848587507,0.04455842563627566
5.18,1.2143389363002612,-0.2998302042713983,-1.4805916800768448,0.026496818970699113,-1.3591759634611407,0.04508667794695131
5.19,1.1952781800653614,-0.2945289344541924,-1.4844522698588012,0.024904533651915688,-1.3625304154427713,0.04327995137886378
5.2,1.1750388204234905,-0.2911130850996916,-1.48631975000179,0.025120092476658373,-1.3628149089277148,0.04481898767437729
5.21,1.154599066824965,-0.28703966555206595,-1.4905776338742434,0.024574692222161198,-1.3636486951409743,0.043712706209080375
5.22,1.134746076348724,-0.2841030854285969,-1.4934010719253,0.022882344752756578,-1.364322200445393,0.045191280905907794
5.23,1.1154178815997076,-0.27803208994056877,-1.4960768172356018,0.026125282371472904,-1.3668091539031793,0.04444850472385588
5.24,1.095040735475581,-0.27565929629470065,-1.4981238070802787,0.022999416079861376,-1.3662324722570334,0.044399358064392144
5.25,1.0762611406845577,-0.2730467169299901,-1.5013993475463931,0.02260498132415083,-1.3694742158095907,0.04347826983304809
5.26,1.059199328680469,-0.26879223305566635,-1.5059166628310094,0.02173974303207929,-1.37013658881893,0.044598508323203244
5.2700000000000005,1.038407101705327,-0.26432163039561485,-1.5080566434810088,0.022277396733518227,-1.371991518702175,0.04354667238655006
5.28,1.0183966894115533,-0.2623412113575771,-1.5093808991060231,0.02221675447729201,-1.3714969861656237,0.04408807580557889
5.29,1.001376217939332,-0.2592768018062701,-1.5123380994077404,0.02141031732371739,-1.372910749547356,0.04435216376215071
5.3,0.9815705628827273,-0.25552757282032046,-1.5164593491701217,0.021393189890481355,-1.3739505521957722,0.042793956539122845
5.3100000000000005,0.9635486645990915,-0.2513780355191842,-1.5188604686725944,0.01936070623915795,-1.3768741675361806,0.04323813523778798
5.32,0.9466986279171695,-0.24835108773971523,-1.5213234823051187,0.021126975472596628,-1.3778349124262406,0.04374321567792796
5.33,0.9299879216766057,-0.24430827513455808,-1.5243589507582096,0.02087735019498788,-1.3780167194457122,0.04485573145088799
5.34,0.912196052288694,-0.24091456224512672,-1.5260368663838217,0.01980546535905143,-1.377893783354243,0.04338232320664181
5.3500000000000005,0.8948493002956064,-0.23739194782315998,-1.5283985027452514,0.018300124969590915,-1.3789165588174426,0.04423723440090156
5.36,0.8769249495790716,-0.2330586189169757,-1.5295804058884028,0.019743209859948086,-1.3795619919578845,0.04387471087343708
5.37,0.8601597507953136,-0.23255000846694673,-1.5337831505026929,0.018031874159338438,-1.382592160460417,0.04371587147688816
5.38,0.8459623140915603,-0.22909009712744957,-1.5368311113997206,0.01955106073228926,-1.383702402514105,0.04450055905162415
5.39,0.8291025249690936,-0.22428256023213394,-1.5378725796503647,0.018570864418672624,-1.3829235588310105,0.042708027279196537
5.4,0.8148876594314703,-0.2224953471179729,-1.540950887082217,0.01784550231219111,-1.3842291427036013,0.043978986171691305
5.41,0.7978642405908488,-0.2199783374230519,-1.5427190272526776,0.017484209878109776,-1.3845673616844576,0.043618382099888435
5.42,0.7823581340701665,-0.21506397734902197,-1.5460614637304602,0.017328210861960076,-1.3870353689700625,0.04506536300246758
5.43,0.768106399828851,-0.21336669720903223,-1.5478568542751938,0.015790267352577554,-1.387063720915406,0.04501066121407383
5.44,0.7540375369240531,-0.20995175132793434,-1.5525161259916604,0.016429003710218538,-1.388488721235289,0.042863846943272964
5.45,0.7413145008508634,-0.20786554880478325,-1.5523910730612256,0.01585946625185278,-1.3907330244116987,0.042564952011792626
5.46,0.7274292510495333,-0.20676700595981193,-1.5549770335366684,0.015571583782674321,-1.3883645833678795,0.0441987707331969
5.47,0.7126419883335855,-0.20119345295828403,-1.5569788210858015,0.016538974806222528,-1.3918788658313523,0.04444044360007557
5.48,0.6996324356167299,-0.20069736775899744,-1.5584981309514931,0.015644608819668025,-1.3919123756275273,0.043963653816649226
5.49,0.6866605406968818,-0.19678881297906559,-1.559850074700066,0.015099928845945531,-1.3926340028377597,0.04358945299100105
5.5,0.6751583119768683,-0.19312417831350015,-1.5612944588414575,0.015761672842033034,-1.3903022255980846,0.04388502433615867
5.51,0.6629385854972111,-0.19196564920377573,-1.5648235918998479,0.014285848389715727,-1.39416811353253,0.04397806294570459
5.5200000000000005,0.6505319492982381,-0.19017970625586383,-1.5647732290190197,0.015196169551770363,-1.394576638665195,0.04280697391184282
5.53,0.6401755026409146,-0.18740936710366424,-1.568853039739146,0.013945825792557492,-1.3949802529844166,0.04405065137373316
5.54,0.6288139143787816,-0.1856857126479859,-1.5686194621682308,0.014057752257559996,-1.3963818991538637,0.04312293756226561
5.55,0.617206493780536,-0.1838770893078722,-1.5724041110449312,0.013444117434261818,-1.396393868019846,0.04308593409171553
5.5600000000000005,0.606481007862722,-0.18139912134458677,-1.573278094381303,0.012166002103854656,-1.397375662994384,0.04397943748453626
5.57,0.5980124779837441,-0.17918550443138356,-1.5751450538705367,0.013186266231327152,-1.3974565895135473,0.04344935086114179
5.58,0.587191146864552,-0.1787763712701241,-1.5752835852888916,0.013564718997344643,-1.3975485138512784,0.04257360916199372
5.59,0.5769373807863654,-0.17850867883949037,-1.577308364271105,0.012555719693473674,-1.3997270859139281,0.0434042184515971
5.6000000000000005,0.5680449704004671,-0.17635870403352363,-1.57795305381857,0.012025244369600827,-1.398961564426077,0.042124637760316865
5.61,0.5593117707718918,-0.17293714235855331,-1.5792010852657092,0.012772732371373802,-1.4001359853450526,0.04188678766193102
5.62,0.5495239988384876,-0.1715671277110878,-1.5807468060077123,0.01196820521034397,-1.3998754955974917,0.042968549320445554
5.63,0.5418330408517579,-0.16973228869187645,-1.5817661643891223,0.012624117038398372,-1.3992696337836914,0.042613860478218656
5.64,0.534806157625345,-0.16761392300164044,-1.5831573100967307,0.011751812259263429,-1.4027285834882879,0.042737783581937576
5.65,0.5264596047918232,-0.168052531745502,-1.5849550339916711,0.01112945309315948,-1.4013150745058367,0.04369469432176833
5.66,0.5194631357117301,-0.16539626771624388,-1.5869566245214446,0.011472753283358336,-1.401904550244424,0.043877199924550976
5.67,0.5128115085953282,-0.16293756144291963,-1.5876829249446363,0.010682674183867159,-1.4020420653963892,0.04460338390474381
5.68,0.5073698443559852,-0.16263934439189687,-1.5892524601247537,0.009880104921038791,-1.4029376686163242,0.042820918105895125
5.69,0.4998001317276819,-0.16135735079255412,-1.5881647146002367,0.012349006263589837,-1.4033014250571887,0.04419426996828579
5.7,0.4949148951068074,-0.16038663727010807,-1.5882171383415442,0.010556989567858322,-1.4013156075783066,0.04343924380183701
5.71,0.4896959347631667,-0.15875949694906563,-1.5883415031537433,0.011994516581435388,-1.40550464111453,0.04432656727202998
5.72,0.48383039980343334,-0.15811542215619662,-1.591883256207584,0.011660211282545008,-1.404986190055786,0.043179815736155834
5.73,0.4789481859265497,-0.1555788053204482,-1.5897786293366603,0.011145609633011243,-1.404657505292798,0.04275764977049057
5.74,0.4755283762368028,-0.15665308179594717,-1.5925728041664977,0.011868825849273646,-1.4054607561041093,0.04304226874534346
5.75,0.46884377648701764,-0.15491540963646727,-1.5911639095764556,0.011559765067479622,-1.4039754198984349,0.042329056029371155
5.76,0.46637809061110813,-0.15557229450233495,-1.59366566986585,0.011525391553674503,-1.4054050669748275,0.04182737752698345
5.7700000000000005,0.4612537840161337,-0.15522804019985073,-1.5936049951066327,0.012579207206615855,-1.404530931205982,0.04139880565792729
5.78,0.4601457421525673,-0.15253203694254186,-1.5959080446681186,0.010445483541851559,-1.4049733880124406,0.0435274278724762
5.79,0.4545351960875434,-0.15219426413547643,-1.5969102281754066,0.010452796291432087,-1.4051298229720537,0.0430573361648308
5.8,0.4522744508495681,-0.15137932298407003,-1.5946405285718472,0.011732705298617203,-1.4055377362916863,0.043979629530113924
5.8100000000000005,0.45063412407633513,-0.15140052977428198,-1.5958213449175385,0.010329579831366521,-1.4075214726339107,0.042197406792866224
5.82,0.44727727066303835,-0.15094540548320468,-1.5950136941039303,0.01045205325046834,-1.4057358884939841,0.04396851396713322
5.83,0.44508568018416467,-0.15020637715897509,-1.596819738982724,0.01159879248946401,-1.4061907027126002,0.04198372336382293
5.84,0.4434192064962381,-0.14889992828101997,-1.5970675247417823,0.010796604435691156,-1.406389641810145,0.042114381960760415
5.8500000000000005,0.4419312632927441,-0.15120912449102691,-1.5977248898412808,0.011309751621339249,-1.4066621225205802,0.042750078179184685
5.86,0.4402892649260487,-0.14973964274259277,-1.5974064263146495,0.01091331930006826,-1.4077032493159447,0.04304813587790745
5.87,0.4382374880499298,-0.1508031477227598,-1.598429612670659,0.011681606375391368,-1.4068160536957035,0.04185539020993207
5.88,0.4359614800912589,-0.14928528909418065,-1.5964450593795134,0.010126669866939065,-1.4060833935129902,0.04331539265001336
5.89,0.43668662695487476,-0.15015452749188352,-1.5971442340286934,0.009977309379029988,-1.4065325253493606,0.042295926600563215
5.9,0.43556173770262985,-0.14851443897385244,-1.5982273384891006,0.010605726967123518,-1.4075702219914894,0.04243845263836242
5.91,0.4360899903584619,-0.14776783778549327,-1.5988649067486687,0.01073477481195759,-1.4080289057890691,0.04196974117924758
5.92,0.43500990531097017,-0.15005834482823738,-1.5974794872692255,0.010006858932817284,-1.4076002389998181,0.043360104695304436
5.93,0.4341575563797064,-0.1492042331719672,-1.5977307619017502,0.010317432745074209,-1.4085391561245997,0.04285346408149667
5.94,0.43450848431758876,-0.14695309633575981,-1.5977833098528316,0.009172968153989354,-1.4070357194993766,0.043743599794801885
5.95,0.43368498977959374,-0.14768276048736184,-1.5981301102604195,0.01014365375286994,-1.4080098228577351,0.041344370697298904
5.96,0.4331778359972438,-0.14817259795245885,-1.597986140136856,0.009036304606737721,-1.406926242302137,0.04479325482723155
5.97,0.4328455901897233,-0.14836867417235713,-1.5982187467682851,0.011975049910315888,-1.4083886785662236,0.04317747008229147
5.98,0.432025194017206,-0.14878178838037512,-1.5985398132215807,0.011376209535040009,-1.4059269591419654,0.04339111916955423
5.99,0.43237425923571116,-0.14612523375518147,-1.5988726755852647,0.009701646340192356,-1.409048756193974,0.044218324937836506
6.0,0.4335449536777401,-0.14619006663609105,-1.5997125878764777,0.011472494082348742,-1.4074387952140959,0.04370345514421012
6.01,0.4312620431774314,-0.14701885692529054,-1.5978136346533585,0.010166044589045749,-1.4069370329776962,0.04233197932941338
6.0200000000000005,0.43219434313442806,-0.1487044317204198,-1.6001168100664964,0.010952026154043861,-1.4064601384043387,0.04238796176985103
6.03,0.43300386445468053,-0.1485317277789794,-1.5982135269256559,0.009652335541514245,-1.4082709338834336,0.04391810853693291
6.04,0.4326442623997201,-0.14653537704867792,-1.598459586931893,0.009391844453273351,-1.4064292920989443,0.04355047698932343
6.05,0.4333343162357451,-0.14726100490386373,-1.5990696722336213,0.010088950538707453,-1.4076496182030724,0.04187361115610539
6.0600000000000005,0.4324699742001956,-0.14713378892020162,-1.598292883432418,0.009025339894766907,-1.4088577260182922,0.04445279117667659
6.07,0.4326211817946952,-0.14886497198502532,-1.5987391029210403,0.008910805781095954,-1.4062581152035931,0.042656996605224394
6.08,0.4338932829427918,-0.1482549253759297,-1.5972524980140623,0.010424008209002964,-1.4067554140373688,0.04362752706412184
6.09,0.4332439240652181,-0.14799636988959783,-1.5987032005830921,0.011871532098743426,-1.4082914518249017,0.04300375912709432
6.1000000000000005,0.4327129903767207,-0.14794880419049744,-1.5988747855859056,0.010474667967051328,-1.4076473429514684,0.04161948599802478
6.11,0.4327083359423137,-0.1492604244347342,-1.6000135371027222,0.010319444505208393,-1.4070742414658062,0.04345963074992663
6.12,0.43319494981291784,-0.14998650207516534,-1.5996877113283683,0.01192222234655439,-1.4084138620409536,0.04353305935998062
6.13,0.43210053383730557,-0.1482304724187849,-1.5990526185415883,0.010690037101678169,-1.4073806420660657,0.0426087933723444
6.140000000000001,0.43178355193994616,-0.1480663229300935,-1.5995582967972062,0.01057304758374326,-1.405207959529168,0.04417824564281713
6.15,0.43332687679005233,-0.14837470646046588,-1.600191880836145,0.009046087436860627,-1.4063805520519972,0.04231080780570892
6.16,0.4320897874292779,-0.14844455731040904,-1.599426810201268,0.009129442321077482,-1.4075440469378464,0.04222199378187317
6.17,0.43205333929822026,-0.1489817177746649,-1.5980441547193585,0.009997432121119537,-1.4076558334395757,0.0435209335682156
6.18,0.4325760470584046,-0.14854282222078297,-1.5980894546164062,0.010783112621240333,-1.4076283458404428,0.04307034355436434
6.19,0.4320177593215615,-0.14905108764596525,-1.5978287921828596,0.01058828519860091,-1.407102677158522,0.043245091655190235
6.2,0.43274031996440887,-0.14769226597775514,-1.5976839636627953,0.01099519644634784,-1.4075879453223277,0.044210379491906676
6.21,0.43289936955537894,-0.14774814766642505,-1.5982538318762463,0.010415554016005468,-1.4081420647353984,0.04361204406703698
6.22,0.4351829877689839,-0.14862707040376724,-1.5984380454232159,0.00981061244987043,-1.4079258777048758,0.04434778642619394
6.23,0.4321127219985079,-0.1487137132589828,-1.5998853488312947,0.009538859047751274,-1.4089908601536376,0.04355135361154103
6.24,0.4351431967289999,-0.14861998761232212,-1.5999545206882209,0.010985397870557148,-1.4081343616974127,0.044133894103192066
6.25,0.43245388322649003,-0.14885136320201256,-1.5986552972638282,0.010861284973671722,-1.4076984619396824,0.04256652592301297
6.26,0.43252648669355,-0.149409903028905,-1.5981535245652752,0.008640786905223144,-1.4078875690828712,0.04366268860925206
6.2700000000000005,0.43296445951648455,-0.1477848481179564,-1.5985567630576558,0.011220796113541338,-1.406693047721291,0.04338933147261379
6.28,0.43350943638885453,-0.14764513190955691,-1.5988835042625142,0.009027226958850887,-1.4071331648426681,0.043476552754384584
6.29,0.4336516163323073,-0.14911709445530058,-1.5992910103213362,0.010601338693893467,-1.4075621049137108,0.041354362549391135
6.3,0.433027343625431,-0.1499165439502974,-1.599324891955312,0.011379564519714301,-1.4059074926344353,0.04193913968986634
6.3100000000000005,0.4324125516571971,-0.14826280483183846,-1.596945586269426,0.009769890703981203,-1.4079161598176044,0.04435151801024824
6.32,0.4323729347642153,-0.14766976011575025,-1.5997890504131942,0.010050571241418203,-1.408948271454224,0.042078960274277516
6.33,0.43343234133673025,-0.1483435506694479,-1.5987784722917333,0.009546592689423176,-1.4076925587496292,0.043262770809350745
6.34,0.43355775620369846,-0.15059087264926502,-1.5992258485540571,0.010338837662687424,-1.407586274344116,0.043352012177820726
6.3500000000000005,0.4329334729437318,-0.1485660473996377,-1.5989597661472317,0.009985759534278223,-1.4064975331869247,0.04236120257100388
6.36,0.4326451907944375,-0.14814000373539157,-1.5971383369393568,0.009937931606142349,-1.4066632833481285,0.04407510484518648
6.37,0.43264436390818617,-0.1484838869990665,-1.598787153499651,0.009976752200234775,-1.4067545350915578,0.04320159423540329
6.38,0.43290532900605366,-0.14928194275384882,-1.5993442943665286,0.012070510221688814,-1.4076551822200516,0.04232388388624553
6.390000000000001,0.4339488696181038,-0.14805407564826026,-1.597995464655706,0.01007953120067944,-1.4077780947334035,0.042852007971670436
6.4,0.4314933333117643,-0.1483767311398563,-1.5982416624055398,0.011814833805883765,-1.407424951658101,0.04096304626444837
6.41,0.4326179822374498,-0.14590933165026335,-1.5977439528335702,0.009492365903126042,-1.40698416225466,0.042352471132083715
6.42,0.43151858006728244,-0.14860400962007553,-1.5984201281141328,0.008566236118660427,-1.408502830662489,0.043009019480378996
6.43,0.4323438017080335,-0.14795546216972583,-1.5995599980815614,0.0108231818073007,-1.4085330246897068,0.04443355611521311
6.44,0.4312027184384614,-0.14925343346374573,-1.5981357752642702,0.011652317487990232,-1.4072250730867146,0.043491186196405504
6.45,0.43271530383373963,-0.1491957016230845,-1.5989277263983532,0.00914240925747021,-1.4086158849557888,0.043350592070422925
6.46,0.4317198423063329,-0.14802113652223686,-1.5996360546651816,0.010458642977402099,-1.4079264559912754,0.04422750361859504
6.47,0.4329824980289387,-0.14722157598387156,-1.5991594261591753,0.010248994307016408,-1.4083561600579082,0.04263906133552997
6.48,0.43247127091648624,-0.1489334307926829,-1.5995607263477132,0.008966473433414146,-1.4095418154143213,0.04207816380850332
6.49,0.4332475917266546,-0.14969495312359637,-1.5996939124119438,0.01176285383186383,-1.4080554475872895,0.04328016549551571
6.5,0.4332605274524224,-0.14772183688274107,-1.5998284697787037,0.009998362390857487,-1.4089121696949327,0.04513481505941616
6.51,0.43130820877421566,-0.1492144130927048,-1.5994080955558025,0.00889391734483589,-1.4063196391416162,0.04511398459159664
6.5200000000000005,0.43228483057272654,-0.14945228657159895,-1.6004520857537292,0.009986974956448263,-1.4077760809136817,0.04243163690947652
6.53,0.43289318635321616,-0.1479551463771208,-1.5982180566695456,0.009924129006835218,-1.4084613464018958,0.043581048991274025
6.54,0.4327109203151854,-0.14752476181283838,-1.5978105290161104,0.008959278535758045,-1.408751594986268,0.04234066634125466
6.55,0.43177823454252023,-0.1476409184913841,-1.598193424472995,0.011159218988838728,-1.4071539999797713,0.04318208110932999
6.5600000000000005,0.43374696174006167,-0.14789008556674946,-1.5984405706982117,0.01149193899316149,-1.4073994857176815,0.042734412719833546
6.57,0.43196886127922707,-0.14768649455071564,-1.5974204697515635,0.010155854164247928,-1.4063586283013383,0.04128083756891573
6.58,0.43265160780141293,-0.148334989411476,-1.599134422272099,0.012280311201139666,-1.407557763969049,0.04264418777869028
6.59,0.43272265621800954,-0.1500477847020726,-1.5991631098588783,0.011058038740201538,-1.4080488583629351,0.04227666996605656
6.6000000000000005,0.4338427766998225,-0.1471304073944523,-1.5980488407029674,0.00980283520190632,-1.407708977927477,0.04229824677453655
6.61,0.4318318966881308,-0.14921142532415493,-1.5990393542177432,0.009297035593652681,-1.4088645901424433,0.04319146494874357
6.62,0.43290472326486096,-0.14681577832356746,-1.59908323525226,0.010458396510301133,-1.4072271067939626,0.04277848493965635
6.63,0.43334955359284333,-0.14762348491159483,-1.5982142799190622,0.00997691227240444,-1.4078120038784645,0.0418064095554501
6.640000000000001,0.4319967040631381,-0.1488428039632131,-1.5994808503976918,0.01058390608385668,-1.4064557451882527,0.0422075660371094
6.65,0.43294734931451617,-0.1492024322108172,-1.5987660947922608,0.009597573795972047,-1.4069747469589196,0.042407645572142716
6.66,0.4335828402565634,-0.14851443182704765,-1.59906688617828,0.00910628483197528,-1.4072790373807222,0.043781225432164485
6.67,0.4329385177921128,-0.14634625080115785,-1.5972522750675344,0.009931631398219481,-1.4077775312915801,0.04340988771204178
6.68,0.43196869030533536,-0.14728222145117495,-1.598184444015845,0.010423802619528003,-1.4069005198344373,0.04450345269582699
6.69,0.4328491866884789,-0.14839864633296904,-1.5971833937541786,0.011044347021904306,-1.407780107752361,0.04300452603027927
6.7,0.4328705020139347,-0.14798425864201534,-1.5996838567015477,0.00885392824662647,-1.4082743938816644,0.04215810688744442
6.71,0.4321381575576387,-0.1477461104749041,-1.5986474184990243,0.010371386624529078,-1.4085684062774315,0.042597141179643486
6.72,0.4332124789877505,-0.14778080603559904,-1.5991323099487829,0.010341077045947724,-1.4055811432603162,0.0429846429096478
6.73,0.43209508027289845,-0.1484516362905251,-1.5984195602989346,0.010068080701602086,-1.407527362138139,0.041740355040804304
6.74,0.4318599464364856,-0.14843031957880717,-1.598644223511249,0.009705906648210692,-1.4076544734948897,0.0430532455059803
6.75,0.4334761596613948,-0.14838657857181556,-1.598151716750614,0.009727364575509217,-1.4070007522993313,0.04332788653964169
6.76,0.4334555678712619,-0.14767738829237712,-1.5979862312478472,0.01011411460888205,-1.4072862502010393,0.043928086621291794
6.7700000000000005,0.4321309575897698,-0.1488483892391702,-1.5983416712369636,0.01056239989558972,-1.408219168589962,0.042934757355560335
6.78,0.4326179705948434,-0.15023319659356205,-1.5986916319065076,0.01006271429223461,-1.4076398819809985,0.044235618300868015
6.79,0.4316390158325437,-0.1490196189476891,-1.6007795708693717,0.00978032103737734,-1.4078452641341894,0.042554960958147175
6.8,0.4336666308311861,-0.1475489695317432,-1.598432057190836,0.00987657909824297,-1.4066044805770794,0.04298275801463584
6.8100000000000005,0.4319859246825225,-0.14979770951025517,-1.5988851195477627,0.010858550789941083,-1.4055133452159219,0.04305376516971499
6.82,0.4320321013156426,-0.14933407722030698,-1.598018328486848,0.00866008199261749,-1.407019733297913,0.043713587993052964
6.83,0.4330807256458857,-0.14849169097078815,-1.598006996275862,0.010349171869709243,-1.4081790411514368,0.044614789377245945
6.84,0.4323931018457213,-0.14762302840886143,-1.60061063912844,0.011313930985518292,-1.4062182618360928,0.04302603489068494
6.8500000000000005,0.43318761971604747,-0.1478126035579287,-1.5990609344833977,0.010677454282050929,-1.4082056632065612,0.04246875936690386
6.86,0.43368344341659143,-0.14744945071086984,-1.5991164289133675,0.009559833874558298,-1.4080633893176286,0.04363934863326033
6.87,0.4318273486552512,-0.14798870949826723,-1.5978482532073206,0.010122991317124021,-1.4066185531417421,0.04273443927975505
6.88,0.4325133757819412,-0.1491528082167978,-1.5976123453103663,0.009531084720818005,-1.4071947665075093,0.042937764990953954
6.890000000000001,0.4317812734619735,-0.14883154276719826,-1.5972932163147158,0.010375979404022627,-1.4083806498052238,0.0432664491956855
6.9,0.4325724914532656,-0.1452857758882087,-1.5982511825096322,0.009867842160189603,-1.4062607918682188,0.04139339286162213
6.91,0.4327823098639923,-0.14655953280361103,-1.598601403005027,0.00868740949213169,-1.4078455036023378,0.044269306442219644
6.92,0.43302818263362214,-0.14903204005307316,-1.5990979871580442,0.009711569372206538,-1.407184795383601,0.044167796427861755
6.93,0.43361841233485515,-0.14790205429964956,-1.5996620792764966,0.009041160269326439,-1.4070346498243453,0.04182585496753239
6.94,0.43250315563992187,-0.14803457866463204,-1.5994927380384998,0.00930616249306374,-1.4075821361236096,0.04343951778979554
6.95,0.4336263498807721,-0.14777024594138566,-1.598435722495079,0.00954882223446609,-1.4084345426530063,0.04255417563678272
6.96,0.43305773628394995,-0.14800624039895427,-1.6003325101810035,0.009514367449972376,-1.4064488688679668,0.04306912817006534
6.97,0.4314634264468123,-0.14624415818964442,-1.5985252564260062,0.010535394650862246,-1.4071513488781893,0.04267921244000506
6.98,0.4320650721850679,-0.14644848929266988,-1.5976245377249918,0.01091727552019866,-1.406997092808043,0.04212444040478357
6.99,0.43381485540697506,-0.1490357720456698,-1.598252785632242,0.008769362421284236,-1.4092809853256132,0.04327776147332146
7.0,0.43199392769059874,-0.1500358761746518,-1.5980282292103003,0.012050119493152819,-1.4062873799166458,0.042775447783892244
7.01,0.43271061911509046,-0.1475258889373733,-1.5975203224849717,0.00990026497970493,-1.4074700005023002,0.04326234111861813
7.0200000000000005,0.43320637503444476,-0.14842056781373678,-1.5986013316595757,0.01140457906628391,-1.4064431139995068,0.04341666069203469
7.03,0.4342773352093299,-0.1486520985761965,-1.5970720906762392,0.010674935317377513,-1.4046408685875376,0.04195950178511724
7.04,0.4322798754252108,-0.14796948963756493,-1.5981260647449238,0.011905348980867585,-1.4080723924931073,0.0437900163813139
7.05,0.43406613043696635,-0.14775284109116044,-1.5992857446129196,0.011435346750734496,-1.4064061336830376,0.0435238680874353
7.0600000000000005,0.4334814179801116,-0.14821888484629964,-1.5984780244169872,0.010770929328427126,-1.4074366845036193,0.04226060585209463
7.07,0.4327352959002528,-0.14913938814864477,-1.5981632487013118,0.010194974881988205,-1.4072551186277182,0.04343874944005673
7.08,0.4335602956002445,-0.14729220758311196,-1.598521943407161,0.009849164357628566,-1.4069946683571721,0.04139987181158438
7.09,0.43399907035276464,-0.14782707431935857,-1.5997171136584212,0.01121398104320638,-1.4060620807975832,0.04268116295652913
7.1000000000000005,0.4356618876795473,-0.14784503178764022,-1.5985002694747035,0.011009971687569476,-1.407923434499791,0.042588077498313004
7.11,0.435577830693644,-0.1486898753632607,-1.5969518584883922,0.01010892387702461,-1.408395089775276,0.04206158399925575
7.12,0.43765004582302897,-0.14757811246605004,-1.5974638617623276,0.009952016151126333,-1.4065553441445635,0.04279927312826885
7.13,0.43817987732945857,-0.1502558611038901,-1.596397260008484,0.008097211155127734,-1.406455524622528,0.04260574509724758
7.140000000000001,0.43954156434497643,-0.1482103787908971,-1.5980406000711878,0.009746664712147591,-1.4071822916583188,0.04337408569779974
7.15,0.44109999462025073,-0.1513662248743634,-1.5979343939936987,0.01148918097086349,-1.4069081960565102,0.04340943310713172
7.16,0.4430501166060946,-0.15091369777469701,-1.5954454153122402,0.010241670989850809,-1.407252924172016,0.04397557076353512
7.17,0.4446572772849038,-0.1512443397848898,-1.5965982787565967,0.010445246974223717,-1.406519027061758,0.044847942047970886
7.18,0.4478168066755852,-0.15323135581376499,-1.595986290745467,0.01052158474392404,-1.4065736694568098,0.04324126289024922
7.19,0.4499695141769821,-0.15167815994606412,-1.5953644742593012,0.010063573259252893,-1.40729049405253,0.04566982046387113
7.2,0.4520851525315554,-0.15206803282275178,-1.596796369793449,0.010691117865861334,-1.4071151369261632,0.042649821514813925
7.21,0.45658958799752797,-0.15231533115698925,-1.5945488761319833,0.00910157751424352,-1.4045198841542483,0.04200117152513265
7.22,0.4602395404018796,-0.15245773526649353,-1.5940556982079146,0.00996396189323532,-1.4057971245727054,0.04263612756182554
7.23,0.46242670520549695,-0.15424080197565698,-1.5958128916725,0.01175706080012789,-1.4057906796663553,0.04263029671332135
7.24,0.4656828810148467,-0.1544364172075348,-1.5942468564718904,0.008883497978306303,-1.4051386344446308,0.04351314220020599
7.25,0.47004951883713053,-0.15653166587388373,-1.5927800245975188,0.009652331605810506,-1.4061475081267367,0.0424123118995975
7.26,0.47529967944374385,-0.1566824828097655,-1.5925959552060298,0.012720633486800812,-1.4046834199721328,0.0433710447460586
7.2700000000000005,0.4788734843162617,-0.15777912835540858,-1.593416477338371,0.011950404828701246,-1.4043221123566572,0.04292718841259226
7.28,0.48400813530100534,-0.157566525540454,-1.5921236370028584,0.010686244823616893,-1.4054093700674255,0.0446383347219318
7.29,0.4901277521528771,-0.1611399415806681,-1.591300619977695,0.011187430009885273,-1.4045162473998822,0.04194606680932003
7.3,0.49660504421077256,-0.16001324597285518,-1.5887315705286913,0.010806943345643822,-1.4031413732139855,0.042779779661920564
7.3100000000000005,0.500517891408618,-0.1608813389609406,-1.5896867542228668,0.012918517662908292,-1.4032614684215514,0.044240128355144855
7.32,0.5060007629348604,-0.1634097525659337,-1.5883507501439285,0.011863448849704026,-1.4029930184479493,0.04272811096498196
7.33,0.5125488172472455,-0.16496079173139908,-1.586402544405693,0.011365133717711716,-1.403259667172518,0.04449514579062293
7.34,0.5201800764867499,-0.16406085385374428,-1.585800352200263,0.01211775387525413,-1.4023011395925582,0.041675850871819915
7.3500000000000005,0.5286430472200836,-0.16666372694380818,-1.5836093004364171,0.01138694413422084,-1.4019683782336458,0.04241367134781398
7.36,0.535948892007774,-0.16771403037459495,-1.582816555080218,0.013373923267168651,-1.4003675034085366,0.04385145818941709
7.37,0.5414344821567377,-0.1700966984530121,-1.5828393219434647,0.012975494555401422,-1.4007599068934702,0.0419841429844001
7.38,0.5506483955753834,-0.17236144921640775,-1.5807859682326808,0.011054416650622033,-1.3999596068863285,0.04354205015316893
7.390000000000001,0.5609505842855389,-0.1719501267109829,-1.5798346538696644,0.01337781430019623,-1.401133004423624,0.042387522371572374
7.4,0.5683845137031572,-0.17627059613475046,-1.578173548902486,0.011945012315764848,-1.3992970009166037,0.04230276160418114
7.41,0.5776088133170324,-0.17613228643599882,-1.5755439865964824,0.013019235009598685,-1.3995080979663528,0.043044246033414245
7.42,0.5855474473059056,-0.17762167347875893,-1.5748255173795052,0.015352698168174219,-1.3988117019571122,0.04304303605303968
7.43,0.5960373660442961,-0.1796829359549684,-1.5735306641981475,0.013342466562721006,-1.396732547059773,0.04275595718761917
7.44,0.6075570014645911,-0.18135504612363212,-1.5723470246967493,0.013311902887780872,-1.3949541604219873,0.04259964732400371
7.45,0.6174499165882014,-0.1845015155974738,-1.569200390208716,0.014564889046624126,-1.397034888648392,0.04377879924869943
7.46,0.6282445829383088,-0.18638430752700952,-1.5684685638932283,0.01434151538242681,-1.3956056199849387,0.043314351905226804
7.47,0.6395609545493784,-0.18788453606379024,-1.5673997475721901,0.013659712242950851,-1.3936466025901528,0.042454329902924026
7.48,0.651057128278452,-0.1905797917173696,-1.5641867175385817,0.013654491184758597,-1.3950771487058935,0.04254532901501832
7.49,0.6627979307563813,-0.19377823099561267,-1.5643606978722786,0.012794932129430416,-1.3935165903076387,0.042976393323848984
7.5,0.6733795505180942,-0.19397606457637462,-1.563255412457308,0.015605425504699275,-1.393609234465974,0.044832400312498875
7.51,0.6878234050770476,-0.19820987774041846,-1.5610362917528737,0.0156815146674458,-1.392477792220523,0.04330942948358603
7.5200000000000005,0.7010970919330479,-0.20045318278590774,-1.5582289685560486,0.0162356502713141,-1.3907745379630503,0.04334094985871366
7.53,0.7128760934007276,-0.20384925866116396,-1.557254346765745,0.01593618993879472,-1.390813346636608,0.0435692356666928
7.54,0.7274974586244876,-0.20596186154458762,-1.5545144034338159,0.016085086718406815,-1.3905006759611456,0.04477723685588897
7.55,0.7411636488426654,-0.2073276583930017,-1.5506704321316682,0.014880596242269468,-1.389067029458071,0.04387248584914002
7.5600000000000005,0.7536674460642163,-0.21003415554515284,-1.5510824663868763,0.01706560079028142,-1.387292405323624,0.04381577657300219
7.57,0.7672544758309784,-0.2139159207054299,-1.5474578185133958,0.016761875540878,-1.3897031144030096,0.04468857807223004
7.58,0.7837036266003602,-0.21662186203108338,-1.5448699918464657,0.01643849134073849,-1.387071141839786,0.043943160747652255
7.59,0.800154852971091,-0.21738350878511542,-1.5431663875865578,0.01772554622406894,-1.3848796690759568,0.04256049376022051
7.6000000000000005,0.8144779334677282,-0.22239183194853207,-1.5408994554569506,0.017421637047827596,-1.384215105222672,0.04378800071611883
7.61,0.8268438075458663,-0.22460274267075592,-1.5382697943830832,0.018313119938052447,-1.3838064733816287,0.04514603863804407
7.62,0.8456968389018308,-0.22744038499941807,-1.5355279006510212,0.018549872081769427,-1.383547704708862,0.041613698423269105
7.63,0.8611933208311747,-0.2302766595403877,-1.5343138862571009,0.019247633148788627,-1.3816642522765297,0.04489467798385123
7.640000000000001,0.8778165583286134,-0.23370495622594276,-1.5310885518905595,0.02017933963017636,-1.382296593092725,0.04340017360317306
7.65,0.8955538112085119,-0.2359892160922687,-1.5288034860031294,0.018939330017717946,-1.3791433282948558,0.044588371872527545
7.66,0.9115078453417806,-0.2403271263372745,-1.5254252709593679,0.02117555709422883,-1.3781366266004051,0.043899363414110604
7.67,0.9290464632315371,-0.24345684684799948,-1.523959273109811,0.02002750111050016,-1.378672678917725,0.045023773646074135
7.68,0.9456283583669547,-0.2476979134695846,-1.521137258491919,0.021940677696103274,-1.3770677557874516,0.04334216514728205
7.69,0.9639241568725128,-0.24929923244346386,-1.5210028969230713,0.019674265825708352,-1.373249694223664,0.044470963713030755
7.7,0.9814667770578267,-0.2542568668402372,-1.5157790994738305,0.02163859013376498,-1.3729475022351858,0.04432678668262409
7.71,1.0002272711817632,-0.2570529260964031,-1.5137006257824377,0.020353994034043258,-1.3749938161295643,0.04265469868699201
7.72,1.0184152455936635,-0.26233196190937386,-1.51003624664459,0.020569151859046942,-1.3750926538631563,0.04314278380517385
7.73,1.0375111751831887,-0.2654404423312791,-1.506167861266734,0.02144488951318023,-1.3704582618530308,0.0440708474553228
7.74,1.0568308574523135,-0.26929131260701306,-1.504696500734357,0.021681383875669195,-1.3699432131849707,0.04391528464434448
7.75,1.0752007542742248,-0.2713878756938915,-1.5013920682969073,0.02233093364035836,-1.3688164598781958,0.0440827226326546
7.76,1.0946307462692941,-0.275922692074987,-1.4993949536595488,0.02227421655414651,-1.3691990844632673,0.04387771699130437
7.7700000000000005,1.115443657324908,-0.280359360228177,-1.4937119359024944,0.02425247709707406,-1.3654723542636231,0.04491978695869695
7.78,1.1363177740298187,-0.2842456783693262,-1.4951762730888327,0.023474712770538985,-1.3649396598426051,0.04439351865296268
7.79,1.154876710056193,-0.2862472698335992,-1.4896105452103254,0.024949245989994893,-1.365051922779034,0.043341202177926884
7.8,1.1761563241229527,-0.29118692279956826,-1.4874637100622827,0.024101251006692002,-1.3635931227861706,0.043714564541051715
7.8100000000000005,1.1939077138835728,-0.29649176165308744,-1.4840405933997654,0.024520827457673446,-1.3608450469713098,0.04462544251021542
7.82,1.215699265588616,-0.29976924549076944,-1.4809024781512916,0.025751143355385104,-1.3599611754716028,0.044324474120847154
7.83,1.2370023738169789,-0.3030815468203649,-1.4770084559233865,0.025409462927594544,-1.3609337544733553,0.04467759720717341
7.84,1.2574312615662122,-0.3065820835115496,-1.4742136434061959,0.025936385919327395,-1.3588131173938724,0.044962143168197154
7.8500000000000005,1.2780447371687154,-0.3115956263734586,-1.4704750916982259,0.025876445716644672,-1.3573672540568162,0.04594622497011922
7.86,1.2994333919059213,-0.31546531613334905,-1.4680343101168,0.02719078038507467,-1.357995266393033,0.04376486289626664
7.87,1.3197541711837077,-0.319534022151433,-1.4648932184481076,0.028452507188358494,-1.3546138809330592,0.04367088495858358
7.88,1.341317188244519,-0.3235993632429899,-1.4620519610549765,0.027625557111699475,-1.351104223105267,0.04267663305858597
7.890000000000001,1.362033646874332,-0.327429035706493,-1.4593887702851251,0.029080771589122464,-1.3510719886653062,0.04462868242595081
7.9,1.3835704095885264,-0.33165335626887277,-1.455575540168415,0.028644333818222383,-1.350661135353113,0.04492917071170201
7.91,1.4059847824071798,-0.33677581934277834,-1.4531649267009885,0.02760574822907334,-1.348451185188494,0.044965982257921686
7.92,1.4273675248663802,-0.3411113238197851,-1.4474425748755226,0.0290207093947553,-1.3477659668196869,0.0455319326898886
7.930000000000001,1.4477340840297324,-0.34451567050687976,-1.4455855885864628,0.03246741789672552,-1.3463512918012885,0.046227088604180275
7.94,1.4713773834822448,-0.34790458899081944,-1.443337709906788,0.031321570354533854,-1.3466190798275768,0.04626134347871183
7.95,1.4922820255887441,-0.35473541745008685,-1.439496269782274,0.03139141665205176,-1.3442130927460032,0.04552741315754276
7.96,1.5131916730956745,-0.3577676919712275,-1.4359795446247299,0.0312731153676399,-1.3430021713893432,0.046013681488834134
7.97,1.5350524904482639,-0.36056680990026707,-1.4325706925495574,0.030312589161035963,-1.3425390199327407,0.04499234017840361
7.98,1.5594106097533205,-0.36455174345600805,-1.4308447681801926,0.02938268956868401,-1.339436464644485,0.044937308894384576
7.99,1.580582403396616,-0.37004635286644166,-1.4257394747606273,0.03326189158528881,-1.3391538356286097,0.04468879782013276
8.0,1.6015220459790522,-0.3730264255489914,-1.4227625087786866,0.03379997214981349,-1.3378531144991768,0.04394075649484811
8.01,1.6251387755140498,-0.37824986098200997,-1.4199509664792982,0.03331910983278028,-1.336078023481943,0.04480192723882749
8.02,1.6453030994573985,-0.3819774473630579,-1.4160085736464685,0.031745601615609804,-1.3331824511969381,0.04505019570147561
8.03,1.6677122524717336,-0.38736252184393066,-1.4132810177278061,0.03364221362077489,-1.3322294751098955,0.04470683533202276
8.040000000000001,1.6897280904702012,-0.39093959156875335,-1.409977787788892,0.03444014793052164,-1.3310814850826371,0.04360812451675773
8.05,1.7097443789243496,-0.39627668322474435,-1.4072499024724094,0.03437100582338281,-1.3323026502832958,0.0446558823523676
8.06,1.7309165947630858,-0.3996626244172161,-1.401977961831973,0.035855436166308784,-1.3294246716673972,0.044460594238586705
8.07,1.7530641266445266,-0.40395518864572366,-1.399795762231293,0.03668382494075149,-1.3274984631630253,0.04592503905000696
8.08,1.7754297644365071,-0.407114724955447,-1.396780188297192,0.03617239676548541,-1.3252095164682511,0.04387602330264832
8.09,1.7974677249618731,-0.4102403347619042,-1.3945311821709503,0.036206606332571514,-1.3261544136307761,0.0452576089833235
8.1,1.8178006476422035,-0.41492485941279356,-1.3894344580952993,0.03763091397537295,-1.325162469129453,0.04556662778188711
8.11,1.8398425581850584,-0.4198644289162748,-1.384913649852492,0.03768798455503405,-1.32415462256195,0.04568701608038079
8.120000000000001,1.8607866338203194,-0.4247320033419912,-1.3844927813736496,0.03763208914287268,-1.321021744651333,0.0460727312426698
8.13,1.8836578562947146,-0.42873617266441544,-1.380863529774105,0.03867051781604968,-1.3211150245972563,0.04536321656880823
8.14,1.9047097469442689,-0.4321514675050789,-1.377017628696923,0.040234219113487395,-1.3194507087981224,0.046673255742282926
8.15,1.925815550876831,-0.43717426060736847,-1.3750185490550806,0.03852565913976491,-1.3187879503473712,0.045603032758263565
8.16,1.946738081204421,-0.43882049887403923,-1.3706489957302561,0.03927048578330224,-1.3186079997980282,0.045780931600790865
8.17,1.9669618280687524,-0.44375184574007376,-1.365961613040804,0.04114568509900007,-1.3148629323830336,0.04491701950984439
8.18,1.9870845953944927,-0.4479620169351929,-1.3653798094337704,0.04090062722522096,-1.3140023641136442,0.04484386209028412
8.19,2.0090169480249993,-0.4517283195468658,-1.3631384792481227,0.04081694201318411,-1.3128433753582536,0.046679236600061465
8.2,2.0279577522808814,-0.4550025115614892,-1.3584168478081071,0.04010887836143835,-1.313108309983105,0.0468463702892433
8.21,2.0494073782325577,-0.4593182272701631,-1.354250796312907,0.04257000309990447,-1.3100714217801532,0.04510761719847106
8.22,2.069810112314022,-0.4629730991334805,-1.3528950996940416,0.041452793598055156,-1.3092491164302829,0.04448043069723029
8.23,2.088661698030846,-0.46807899193500185,-1.349264914202737,0.041965229826008706,-1.3085201518260285,0.045313665015981164
8.24,2.10747143858866,-0.4693669936647882,-1.345438288789778,0.04311051435828499,-1.3071391205928793,0.04674604357298237
8.25,2.1279609875351118,-0.4754706863512797,-1.3438030212756944,0.04158809936433964,-1.3049764820033207,0.04784620203949034
8.26,2.146202109983745,-0.4802921153862086,-1.3403234395913783,0.042761977164854414,-1.3053872942028355,0.04662533970921562
8.27,2.165299189974546,-0.48251386728149165,-1.3385729911537232,0.044029506272850606,-1.3040303135056663,0.04514459509308841
8.28,2.1835122423050537,-0.4853995030881954,-1.3353458275136612,0.043050653642965946,-1.3016875908066603,0.04375616745818309
8.290000000000001,2.201912147579602,-0.48980143840569285,-1.332279404181083,0.04513439127793374,-1.3004587062979827,0.04555777859562134
8.3,2.221079958656026,-0.49260882971977615,-1.3311556351812237,0.04665832768870098,-1.301602797595807,0.04657836905524699
8.31,2.2389354689371883,-0.4960125682106329,-1.3273829385640892,0.046072594307359584,-1.3006284842345335,0.046187231715393275
8.32,2.2558845692708376,-0.5002702291335427,-1.3239034222940147,0.046637063534302456,-1.2985006518624649,0.04695789918288314
8.33,2.273949754194398,-0.5038357887133755,-1.3218667761549825,0.045776640701774056,-1.297758442739007,0.046682044181880364
8.34,2.291383058061555,-0.5077727298797127,-1.3204857529736602,0.04674478669562361,-1.2968267999470444,0.046602735671291376
8.35,2.3088681501447907,-0.5107708503168896,-1.317718810710424,0.04816645470998468,-1.2947891579012838,0.04600385773179766
8.36,2.324110799698268,-0.5133324165288253,-1.315008950471217,0.04780197776090411,-1.294770572168875,0.04735407866380071
8.370000000000001,2.341040697948877,-0.5169697850146358,-1.3118662667367627,0.045061509356373194,-1.293211348370251,0.04628091471131121
8.38,2.3582946092339014,-0.5208237845782555,-1.3080466885476383,0.04838265797956269,-1.2910433494898128,0.04641244268960729
8.39,2.3743592595437018,-0.5235250474860276,-1.3060475700641583,0.047303059493900984,-1.2926241697072145,0.045506020115819085
8.4,2.3890890188290244,-0.5259681047602491,-1.303994433932115,0.04670187505034841,-1.292103750782359,0.04771269796694012
8.41,2.40518811069173,-0.5291153283483176,-1.302022322595532,0.04946764913137017,-1.2889637962624465,0.046671930103623846
8.42,2.4203713309253367,-0.5317305823831228,-1.299734537269857,0.04885466758203999,-1.288667675760257,0.046229391453684376
8.43,2.434192242590203,-0.5338977395965195,-1.2984643047594107,0.049856322693273725,-1.288399903215959,0.046405551432620415
8.44,2.448276773274628,-0.5363909171564702,-1.2972324760586391,0.05021448963404259,-1.2872752452225826,0.04768649796500688
8.45,2.4622119651037315,-0.5394617765851019,-1.2915937118847771,0.049469347624888964,-1.2847586125228656,0.04668127672983497
8.46,2.476771982556251,-0.5420132229460561,-1.2904518126389337,0.049381355475360364,-1.2858725638437236,0.046114699732013945
8.47,2.4899588023750727,-0.5448608448270205,-1.28854756911631,0.05138022409744826,-1.285058557869834,0.046055659396566404
8.48,2.501759790582616,-0.5454283368231445,-1.2869254883038963,0.050916126147380385,-1.2845889262756414,0.046718740804460895
8.49,2.5162751038655298,-0.5498903826732835,-1.284325283502787,0.052764359003930866,-1.2834776441205848,0.04585085191661203
8.5,2.5275558883313587,-0.5506748893107473,-1.2824761155746083,0.050871768730072896,-1.281870634736639,0.04605266563683467
8.51,2.5412610409680694,-0.5547515086279463,-1.2817838566136623,0.051758043653041846,-1.2813376590136112,0.0465820403526784
8.52,2.552325283330339,-0.5560055925155275,-1.278340951537676,0.05196800468868953,-1.2797634656269228,0.046633939497162505
8.53,2.5631975413006445,-0.5583445747876239,-1.2778992479562918,0.050439418144771535,-1.2800616022820537,0.04675666447008094
8.540000000000001,2.574534840478302,-0.5597734743892422,-1.275951074460023,0.05309653883724798,-1.2788762654701422,0.046920090531474605
8.55,2.584992743372036,-0.5631427635652498,-1.2747299700293484,0.05091598099361562,-1.2789279098325443,0.04658640698160558
8.56,2.596664426713752,-0.5647724219253903,-1.2736707694644493,0.052722428962743664,-1.277987066306702,0.044383162241615974
8.57,2.606037207540877,-0.56619036470326,-1.2731039003659417,0.05260929672289193,-1.2758360533556834,0.046241866606321264
8.58,2.6162813605679083,-0.5701618737651681,-1.2687397141202492,0.05262936043192865,-1.2765902627187318,0.04810511920469825
8.59,2.6263386618210407,-0.5716149774254119,-1.2692988201519428,0.05331855102184052,-1.2766073177866577,0.0450926620704296
8.6,2.634859746638367,-0.5739045612283166,-1.2659484080880206,0.05321891631778949,-1.2763045062523553,0.04634706420514909
8.61,2.642065604433448,-0.5752694257581704,-1.2651474991337845,0.05518368735375239,-1.2743527868627944,0.046892239566162196
8.620000000000001,2.651809938359559,-0.5767771098276625,-1.2629629347159113,0.053236284006980064,-1.2726326687525402,0.04820385964219362
8.63,2.658805695212992,-0.5780915492040123,-1.264120587734353,0.05348971926577731,-1.2740438053087428,0.04961711787234495
8.64,2.6671896614857267,-0.5788143997404086,-1.2618251257926953,0.05370994416090779,-1.2734272477533783,0.04610466140565143
8.65,2.6756963398289373,-0.5800079370143932,-1.26095344134576,0.05435438116050883,-1.2718427426816639,0.04784751481859029
8.66,2.682810297093305,-0.5828533766682255,-1.260688601494952,0.05380418939185469,-1.2724270590838904,0.04662527010994394
8.67,2.68874965917751,-0.5841814209932664,-1.2605806902007393,0.053923532001372156,-1.2735211628403948,0.04618182110521048
8.68,2.6957170120548932,-0.5855616687609229,-1.2578318027768525,0.05490094355815589,-1.2723288657832852,0.046685234996533966
8.69,2.7027038409760284,-0.5862085395067972,-1.2579178785242164,0.05541929395408824,-1.2707077676002807,0.047602657751547796
8.700000000000001,2.708899858317335,-0.5884395126993649,-1.2551726296713963,0.05483129842783621,-1.2702462505290617,0.04742609251417298
8.71,2.7136790964181636,-0.5880225229800348,-1.255199992335723,0.054325025230242324,-1.2700386696888166,0.04571374709201239
8.72,2.718399497713678,-0.5870066224868776,-1.2552794617551877,0.054490695762881194,-1.2712524384055544,0.04740067940204167
8.73,2.7231613785962003,-0.5899032801998896,-1.2532507464216938,0.05418519464773761,-1.2694984705941874,0.04783399020109613
8.74,2.729357419195764,-0.590511309784913,-1.25046634982853,0.05580541177999434,-1.2696254892639822,0.046360395520423585
8.75,2.7326915694654694,-0.5902253632615289,-1.2511505141159787,0.056259708314270775,-1.2689637101270466,0.0460368103220998
8.76,2.737253270115635,-0.593334095742276,-1.2533311565614529,0.05525719541043061,-1.2689495001279463,0.047928205861140154
8.77,2.7410324698125974,-0.5925133564204317,-1.2523254030825912,0.05503027110716188,-1.2704953071861504,0.04539836575532146
8.78,2.744740713242824,-0.5943080245551972,-1.2501790853518442,0.056157138857225564,-1.2695110446535258,0.047668059592032075
8.790000000000001,2.7467454348788687,-0.5958835959873172,-1.250347485227531,0.05484183969976288,-1.2691611725212064,0.04888252787957199
8.8,2.7489585825868383,-0.5945104579038459,-1.2508769730855425,0.056103127603025923,-1.2683388256168975,0.047495088394601835
8.81,2.752180887551078,-0.596035854256463,-1.2487913650274607,0.056908684536151166,-1.2680173706474416,0.04638577932892464
8.82,2.7557724049334986,-0.5937255187745493,-1.2491395789452908,0.05668716859413005,-1.2689344724930947,0.047136639618009034
8.83,2.758253017021577,-0.5959279233706072,-1.2495615796156256,0.054748551487094364,-1.267291978459407,0.048217207819914204
8.84,2.7610413445465256,-0.5950875962151878,-1.2484731515511494,0.0552225280615221,-1.2668550270357652,0.047803264242797086
8.85,2.7606570595178845,-0.5979092434220922,-1.247891780100364,0.05537429243360288,-1.2679496133713346,0.04812017673617805
8.86,2.763762730680321,-0.5961522642953643,-1.2497681801051692,0.05578099439256019,-1.267225268681838,0.04585486680068107
8.870000000000001,2.763918502282918,-0.5983140139229547,-1.247854701281283,0.05700748249199025,-1.2659831696504942,0.046478961157094406
8.88,2.7661538150195066,-0.5973249492551119,-1.2473542810594744,0.05595852832893017,-1.267410968873259,0.048664407632797516
8.89,2.767686700178104,-0.5989362673513517,-1.24684322524199,0.05640914995704596,-1.2673394235875646,0.048180930081737586
8.9,2.7677568925567995,-0.5980034394111621,-1.247301278602924,0.05388605509219461,-1.267632414146849,0.046611977237371205
8.91,2.7672756870161743,-0.5970653611235694,-1.2468590689339167,0.05563525389628878,-1.2680120876810563,0.047454883159068026
8.92,2.769757454826136,-0.5991504264728115,-1.247215891911287,0.056430130171360636,-1.2691738499386824,0.04714723160434175
8.93,2.7689750078708704,-0.5986336758701506,-1.2475806578448574,0.055801601837721905,-1.2657782770325825,0.04691561678126081
8.94,2.7699514748965743,-0.5968430540545004,-1.2475706646626927,0.057271864175779445,-1.2674315000119925,0.048753914221150184
8.950000000000001,2.7706029838903765,-0.5983642350675019,-1.2471101564748528,0.055148575670808,-1.2673549373309434,0.04798246371530123
8.96,2.7701071154760513,-0.5989413458340812,-1.247246132195195,0.05656256755920336,-1.2663417193869193,0.0466174753457785
8.97,2.7696394174917462,-0.5983540858606152,-1.2456785746082193,0.05669856392305311,-1.268497069767439,0.046969411662650964
8.98,2.7694648684344343,-0.5989290120046464,-1.245603350636764,0.05445809853458642,-1.2688141065447605,0.04647690872705547
8.99,2.7705478256707115,-0.5981577304406644,-1.2466186903114769,0.05672592261341028,-1.2689387562448826,0.048237014050102014
9.0,2.7700276454542565,-0.5980616507917151,-1.2481549065550817,0.0557043255341416,-1.26719381485635,0.04820858304688439
9.01,2.768916604367652,-0.5986731633387343,-1.2479470464494635,0.05614112851636206,-1.2667217506218948,0.048323267938273
9.02,2.769833098721359,-0.5978908422456517,-1.2458123893251456,0.0542659964976301,-1.2668656282493211,0.04803645886479409
9.03,2.7700742186347878,-0.5997565992711982,-1.2461771158677628,0.05465323107761901,-1.2675556409878936,0.04716498515410357
9.040000000000001,2.770924424746277,-0.59924683919552,-1.247597411968775,0.05578632003928014,-1.2665217586302409,0.04919617669930719
9.05,2.7689844744825973,-0.5984248121759871,-1.2479481806823016,0.05658908053251472,-1.2682190346263593,0.04661125836500027
9.06,2.7697857641661643,-0.5987664961183593,-1.2467179568900142,0.05612210909574768,-1.2674050331335327,0.0460394511482849
9.07,2.7709351132286666,-0.5987462151524188,-1.2459861951439641,0.05508238140270145,-1.2687982484756886,0.047170306711094394
9.08,2.7714309320680317,-0.5985595514905427,-1.2471742447706182,0.05494047894534823,-1.2658660593837636,0.046301502236609164
9.09,2.7696669740914666,-0.5982025513214687,-1.2486196836011831,0.05681229018630449,-1.2668552887494315,0.04798472714696707
9.1,2.770787048973496,-0.5988406067941004,-1.2479277722715272,0.05557776111747203,-1.2682510542312546,0.04762425054184434
9.11,2.7710040482190874,-0.597411241348186,-1.2466755715309992,0.05650684420776933,-1.2676593077009821,0.046782624460237086
9.120000000000001,2.770713356703445,-0.5990372612049275,-1.2467650910842691,0.05477393511498249,-1.268169365291797,0.047754499220028244
9.13,2.77107378306303,-0.5995601472720531,-1.2464147786135338,0.05523510042313532,-1.2673855965165841,0.048436517268664714
9.14,2.7710046655450764,-0.598005470669231,-1.2453342661757303,0.05508574939809565,-1.268260338216332,0.04656982943912674
9.15,2.7700779059334133,-0.6007547330312124,-1.2471810152845983,0.055224772385921925,-1.2667160405757123,0.04750754392557795
9.16,2.76977579330199,-0.5981851620395284,-1.2463688339124015,0.05502931727578998,-1.267830244827431,0.045258004266623277
9.17,2.769348219621377,-0.5993479269212614,-1.2469352778012306,0.05487499797769227,-1.267848071386246,0.04613069725903387
9.18,2.7704493250462647,-0.5983284939325351,-1.246648869993707,0.055710787122551,-1.2687448398901262,0.046658988367763374
9.19,2.769944557875135,-0.5990519415534163,-1.2469345665434461,0.05694401952856364,-1.266691312362284,0.046338228165982785
9.200000000000001,2.7708920181914465,-0.5981412307737959,-1.247703426569812,0.056440775262898396,-1.2675399550170259,0.045969583464963146
9.21,2.7706972393154485,-0.5985106650913398,-1.2471986862131215,0.05566731601760061,-1.2680275204604943,0.047732439307905564
9.22,2.770262082168287,-0.5985547459818483,-1.2466883348760904,0.05469243397660494,-1.2681804091588265,0.045271459644674515
9.23,2.7707928305917906,-0.599757852807003,-1.2468843111036956,0.05602374830056623,-1.2668743479851297,0.04614929703019299
9.24,2.770243135760876,-0.5972424053612829,-1.24550397822095,0.05656160193858739,-1.2671054816762362,0.04632287920909089
9.25,2.7709271156719555,-0.598837899536484,-1.2465108468022983,0.055147739903156724,-1.2675509126102391,0.047343245594589516
9.26,2.770514918178605,-0.5982691456520393,-1.24750544297455,0.054527763175991444,-1.2659821075708302,0.04937228405842265
9.27,2.770690448227605,-0.5998554010661709,-1.2476747400274626,0.05614428889298445,-1.2662296558463133,0.04614155324803207
9.28,2.770191499145395,-0.5985290170182611,-1.2462455129691634,0.055400151479462874,-1.2687646857627315,0.04774209713589032
9.290000000000001,2.7712815696502693,-0.5987720746470744,-1.2466463613072811,0.05528592828873309,-1.2681380759995882,0.04809572538262862
9.3,2.7706381539191085,-0.5982720726696023,-1.2456891572461708,0.0547794764088359,-1.267881733796844,0.04733782284679331
9.31,2.769807543799424,-0.5980165844483417,-1.2471635366710225,0.05483385172875555,-1.2673426033856712,0.04734864861971892
9.32,2.771115663972844,-0.5983569198407906,-1.2465975738568542,0.055979507222634166,-1.2675642551361475,0.04657498091377941
9.33,2.770552059012125,-0.5989907061992302,-1.2455253515749314,0.05687127501028829,-1.26684774367525,0.04753027471003041
9.34,2.7702232412476726,-0.5998005380693522,-1.2471886458524164,0.0557884882222277,-1.2671997614515462,0.047609747778113935
9.35,2.771104012272551,-0.5993040183741063,-1.2475960959192929,0.056966111301803554,-1.2667271916398162,0.04685898802193266
9.36,2.7702064406053437,-0.5987896348278597,-1.2469724463803882,0.05611249381390359,-1.2651878015033193,0.047365593838477514
9.370000000000001,2.7708782259671274,-0.6001717285640603,-1.2474231550708446,0.05677234338476539,-1.267048913589469,0.04336977496234023
9.38,2.770888196205763,-0.5970260857859602,-1.2487417579471662,0.05702591587771189,-1.269818987623681,0.04801855849857077
9.39,2.7702924526500157,-0.6007507367516556,-1.2466106712998488,0.05670429713927645,-1.267082448683905,0.04771035839116743
9.4,2.769940744819394,-0.6003243689945749,-1.2463962347417064,0.05722694834970067,-1.2664142547463122,0.045465251082632135
9.41,2.768978005238706,-0.5994382461230012,-1.2483901333264142,0.055738562979622215,-1.2670566799435108,0.04595186855349808
9.42,2.7709781725162657,-0.5981754378515064,-1.2474783590776688,0.055549446165624995,-1.26910152251372,0.046910046569650726
9.43,2.7703064446056875,-0.5985527399429222,-1.246669367521273,0.0559131411295092,-1.2676306833937092,0.04744975220250644
9.44,2.7711744378746794,-0.5987833377904282,-1.246722846173374,0.05553753509922872,-1.26796440362796,0.04765629858897217
9.450000000000001,2.769815473959087,-0.5983630232590657,-1.2469753425367889,0.055434766959186976,-1.267686358641889,0.04675658078419226
9.46,2.7688637675356933,-0.5983658609949846,-1.2467979372763178,0.05644147717307388,-1.2678637836388853,0.04885403424264775
9.47,2.7699686178710925,-0.5994636772286124,-1.2478671536789336,0.05418686725447748,-1.266062529853492,0.048396482011782045
9.48,2.7708242490528887,-0.599481985004298,-1.2454193707660917,0.055393067129454666,-1.267634769326391,0.04845424515788978
9.49,2.7708750079587716,-0.5967791751526376,-1.2467829488817217,0.05535352526577628,-1.2679339004798078,0.045588191771813745
9.5,2.77005687932412,-0.5977011538820534,-1.2464774186006848,0.05571772207894978,-1.2682682440943047,0.04739798405741293
9.51,2.7711838466932495,-0.5983241265411429,-1.2468544961155514,0.055004523247563775,-1.2666432411065165,0.04446689745269189
9.52,2.7706340959073414,-0.5964569709298067,-1.2483163040979202,0.055489365415085895,-1.2674069036412385,0.0467963203415786
9.53,2.771204407140776,-0.5982877087122557,-1.246867092852352,0.05639575156141059,-1.2673853822487329,0.049974955254860835
9.540000000000001,2.770432075115256,-0.5985295842205576,-1.248492664960761,0.05522575012337572,-1.2663987240844348,0.04603459404714535
9.55,2.7684171761754204,-0.5986717994314222,-1.2458037997570468,0.055736984599089406,-1.2676933240506394,0.04557816331889102
9.56,2.770694666174844,-0.5981229286044254,-1.2485548549249552,0.056690066335024006,-1.2667318046002698,0.0481881320685137
9.57,2.770809221706025,-0.5981295542233944,-1.2465455852916856,0.05645788507363173,-1.268987165568372,0.04589007853075917
9.58,2.76965771194105,-0.5988132894715595,-1.2466612866369857,0.0559833381934831,-1.2664251412748466,0.04820225122019512
9.59,2.7695387003757457,-0.598491803068151,-1.2477398726005013,0.05553572346868011,-1.2671191840552802,0.04422533755065381
9.6,2.7724042073780404,-0.5982057151833774,-1.247519849176044,0.05738194740660623,-1.267703190892452,0.047315644980271014
9.61,2.769874911263502,-0.5972583651610271,-1.2470916164394639,0.055830449486864366,-1.266349501897648,0.04771063050580145
9.620000000000001,2.7702525723660663,-0.5977310010773971,-1.2447847554819913,0.05597699287058914,-1.2672981076015855,0.04734890022011143
9.63,2.771443565470239,-0.5992228986673409,-1.2472428778891542,0.054358327923808424,-1.268433119605581,0.04674813425430424
9.64,2.770251185763999,-0.597156183561159,-1.246532258039353,0.054904061348025175,-1.2680352828179935,0.048399694545491576
9.65,2.771283152998531,-0.5986754345691223,-1.2473861771925434,0.05668168909234212,-1.268266841445536,0.04754211106070039
9.66,2.772283269108307,-0.5985207933603517,-1.24767684695614,0.0560581142504378,-1.267810159982995,0.045983404418614204
9.67,2.770911769342201,-0.5977245054609175,-1.2472713172547043,0.05537079977155199,-1.2682391241024151,0.04706915650529431
9.68,2.769809241005444,-0.5995822924614128,-1.245348771195296,0.05610709177945907,-1.266900491037129,0.04797091155442847
9.69,2.770972856031729,-0.599060506442453,-1.2467621529672102,0.05546522661307084,-1.267017368304871,0.04749818154920132
9.700000000000001,2.7699660659265692,-0.5998600319728771,-1.2468723840933764,0.05552174124382001,-1.2690496609905422,0.04764301846768033
9.71,2.77114241991334,-0.5964935927421743,-1.2473413842229264,0.05522988518427779,-1.2683681524886017,0.047382074411291816
9.72,2.7704765559193696,-0.5994079896125696,-1.2471526551200547,0.05397328846583057,-1.2665915837818198,0.046527455472094414
9.73,2.770269756628056,-0.5999450248809095,-1.2475081993860724,0.055456010690583514,-1.2674098531227402,0.04761864559623713
9.74,2.7715558299195124,-0.5980605890791642,-1.2461603530388077,0.05696196390225649,-1.2669028360846435,0.04716796692886374
9.75,2.7711806162642616,-0.5977636227527748,-1.246434019535577,0.05443059795206733,-1.268134312509792,0.04696014454610245
9.76,2.7709803476864803,-0.5987186282648146,-1.246007894959182,0.0568477604807209,-1.266353526351445,0.0482520326058266
9.77,2.76939505210203,-0.5982788210723745,-1.2475301691033078,0.05426091814669991,-1.2676508658879406,0.04835605108865372
9.78,2.7707020732539416,-0.596939129139394,-1.2468453375215642,0.057836110874478985,-1.2672450835061277,0.047219617759235305
9.790000000000001,2.76918352152742,-0.5977308511815961,-1.2474381868378508,0.055135344413753035,-1.2662819154092582,0.04821073995208626
9.8,2.7712879011829767,-0.5990160713905396,-1.2470444848344315,0.055647767184420466,-1.2667171240645276,0.04855574093039393
9.81,2.7706212684759044,-0.5969765824096115,-1.2462170501687406,0.05549509887455078,-1.2666768128707109,0.04868871373529289
9.82,2.772043836108282,-0.5976642419086662,-1.246977594812501,0.05551089946249318,-1.2668972845221262,0.0486608183268445
9.83,2.770678534968807,-0.5983033461140318,-1.2469551469106854,0.05541386106846112,-1.2675414890486016,0.047318181466764586
9.84,2.7717993250906447,-0.5989091897348879,-1.246954087302452,0.054944815527635055,-1.2667746214183984,0.0483926525743543
9.85,2.7717176418051754,-0.5985225309731154,-1.2464987813341923,0.055566002065531736,-1.266939216776365,0.04747398628238187
9.86,2.77035084526971,-0.5985797872256493,-1.2466056234095826,0.05544330357545934,-1.2676116183723645,0.04868995443310245
9.870000000000001,2.7726653982822835,-0.5997510084327058,-1.248099095967521,0.05486472658549867,-1.2674901361460795,0.047981715964639876
9.88,2.7708159655275426,-0.5985498745123616,-1.2465384166587374,0.05509604089296809,-1.267613037307309,0.04718246419845705
9.89,2.76891751044114,-0.599713434335471,-1.247978751027396,0.05636681021724236,-1.2671858874155675,0.0477332514936239
9.9,2.7686945981663604,-0.5999946561672251,-1.2464212353458732,0.05327515329638582,-1.266331309279665,0.04560885562687347
9.91,2.7710359572546985,-0.5994754363692304,-1.246084658831693,0.05849964854408166,-1.2693837217064148,0.04780683103866479
9.92,2.7687220803618,-0.5983275738581059,-1.2471804427527728,0.05581325644189221,-1.2681955963633589,0.04788115061539418
9.93,2.769036069349018,-0.5976164670823484,-1.2473571382657573,0.05447592146461432,-1.2660081550535704,0.047141232449072645
9.94,2.7719647264306846,-0.5976341657102034,-1.2476965135229587,0.05562583240715196,-1.267294374471652,0.04853195081117444
9.950000000000001,2.770681806231703,-0.5985461556657448,-1.2471744278451198,0.055655880663214384,-1.2662615286354728,0.04720323352856787
9.96,2.7699552998539727,-0.599192625434553,-1.247483251260863,0.05447644042200122,-1.2680548259877984,0.048507618369436956
9.97,2.770119708133546,-0.5980852848547115,-1.249163123129632,0.05619594517588867,-1.2675408067974119,0.04677986432248419
9.98,2.7704579173535637,-0.5991326891596779,-1.2488534305126293,0.05650481315465947,-1.2671879271707154,0.04692603352514283
9.99,2.7694568442036367,-0.5999826926595627,-1.246804616754523,0.05710799285212357,-1.2672227038025596,0.045993312860175765
10.0,2.770496451404407,-0.5987465505161986,-1.2462459796922067,0.05622947458134608,-1.270005621705023,0.04767581358440543
10.01,2.7694213988875793,-0.5999401335944808,-1.2471649101644524,0.05605858349986669,-1.2688319848692362,0.0478148537047742
10.02,2.7709431120473305,-0.5986545688249856,-1.2477606069366785,0.0548448832579643,-1.266506085389156,0.04588116804697062
10.03,2.7711517961808863,-0.5988293024327827,-1.247095229183998,0.054207911000638244,-1.2675326570380518,0.047735315795086095
10.040000000000001,2.768952319548586,-0.598229898429716,-1.246949605303734,0.05513468557442145,-1.2666650314805474,0.045277842419709606
10.05,2.770250845932193,-0.5972190138953283,-1.2457962954594501,0.05603332509653681,-1.2676843440772199,0.04664452571306357
10.06,2.7694325563932765,-0.5981092373430612,-1.2477951386372799,0.05634923816400028,-1.2655746114859447,0.047144913107402056
10.07,2.7681764294759903,-0.5996903984584909,-1.2464652230615754,0.05562936333617335,-1.2666917791554744,0.04673260873336183
10.08,2.769617119406018,-0.5985669047232343,-1.2478509087390808,0.05532266205727049,-1.2685289972288138,0.0489335144146835
10.09,2.7682269491980485,-0.5977543335075453,-1.2477675797005494,0.054743306226040345,-1.2677233030244928,0.04815739820955848
10.1,2.7671383427860152,-0.5989380629584006,-1.2472714127908318,0.05608278468371948,-1.2661285978296577,0.047503841403905255
10.11,2.767286606279626,-0.5973834224911889,-1.2485438186184779,0.05478974145894074,-1.2685601623475968,0.046031059578944385
10.120000000000001,2.766388476827639,-0.5975594759189977,-1.247623174956234,0.053347780926969804,-1.2658822922664879,0.0464113253404356
10.13,2.7662805509540878,-0.5988452540278072,-1.2485825902608072,0.05366456318470602,-1.2674321982201666,0.04622853322839119
10.14,2.762163976535909,-0.5985105422423262,-1.2474042266062089,0.05618073215530577,-1.2662502009035677,0.04658867236433757
10.15,2.7617053693933453,-0.5981323833584508,-1.2486134468890167,0.05507621580850072,-1.2675212398363136,0.04807173376292264
10.16,2.7605866191970128,-0.5973973149920007,-1.247719301550642,0.055455629093913786,-1.2683172532668379,0.046562700992980474
10.17,2.757223708222121,-0.5947542020691745,-1.2486245128231581,0.05560736631865369,-1.2683832728551436,0.049311902585783884
10.18,2.756615461764732,-0.5964731331589717,-1.2494677338884812,0.05522450815298729,-1.2681611159285686,0.046561431507920796
10.19,2.753388398953071,-0.5941005668197841,-1.250746900527103,0.05437887825420876,-1.268858153669079,0.04678775061248003
10.200000000000001,2.7520341344751533,-0.5939704197981578,-1.2491847632877682,0.05507981741094364,-1.2688491115820517,0.04589719603803836
10.21,2.7480046000119063,-0.5938442368065053,-1.2493328485735606,0.055068771044941824,-1.2689008480549702,0.047307108534005105
10.22,2.7448727080135975,-0.5949338047037529,-1.2502981537802385,0.05517203738060184,-1.2698944236275655,0.045333754281988596
10.23,2.7404795408205755,-0.5917138847967649,-1.250004693534407,0.05543200479441333,-1.2674679267412394,0.04710916196326539
10.24,2.7376600555174364,-0.5926445410352259,-1.2524821652724227,0.05445725184630769,-1.2712042285009186,0.04826306050901042
10.25,2.7322163395987222,-0.5921694556323697,-1.253672084048175,0.05479128555148045,-1.268109982320091,0.04895974730418023
10.26,2.726987416558917,-0.5909432691675242,-1.2541975294052863,0.05574764491139324,-1.2696588984238177,0.046569272237640805
10.27,2.7238672228814216,-0.5901579304455798,-1.2525828267556696,0.05527229298588519,-1.2696021324165399,0.04478913521941587
10.28,2.7188138276931295,-0.5869731228897797,-1.2535758375526724,0.053087096862119605,-1.2707557568824965,0.04605907522816572
10.290000000000001,2.7151296192575467,-0.5875690973533534,-1.2561904142710412,0.05462688503159672,-1.2730713901253545,0.04615138433628892
10.3,2.708123884150368,-0.5859760205208736,-1.2580481902234941,0.05415653893345702,-1.270247206660121,0.045821598152533456
10.31,2.7024348447794715,-0.5855278876272266,-1.255738735266916,0.05417432034222544,-1.2716291167345974,0.04782379947697184
10.32,2.694903298721095,-0.5845886179425938,-1.2585608941745428,0.05413375365011911,-1.2711090259620823,0.047550210393601265
10.33,2.688912891873047,-0.5830252294694693,-1.2578391101054387,0.05340306173280155,-1.272111955882927,0.046886379987278244
10.34,2.682693098557499,-0.5832538418283697,-1.258933875277671,0.05332010421692122,-1.2717518556523397,0.046500440805094835
10.35,2.6750575573106445,-0.5793955670804691,-1.2603719988513309,0.054038882350630896,-1.272411246467079,0.04677804745765586
10.36,2.668122418013207,-0.5795915899066801,-1.2615741847903417,0.0531061987082954,-1.2722273550397776,0.04674081186226605
10.370000000000001,2.660342723778036,-0.576848281001257,-1.2635159100850988,0.05329942431557962,-1.2740173715944598,0.04778240966197798
10.38,2.651608446340037,-0.576052572336979,-1.2647514426910356,0.05415549123859781,-1.2745660355927872,0.04856582311350737
10.39,2.6435778091934536,-0.5745173823653595,-1.266183662123667,0.0520871001318784,-1.2758914022502987,0.0465094676108405
10.4,2.635897406530243,-0.5726417399402038,-1.267781811840473,0.0541349934850473,-1.2741609345874694,0.04805226386573147
10.41,2.625016951561791,-0.5712830331569719,-1.2671511802949444,0.053097076059216645,-1.2762962180920587,0.04756718226855685
10.42,2.6171585194053235,-0.5695225887318504,-1.269968243686482,0.05351065806396721,-1.2776434938633385,0.04693404253946754
10.43,2.605487701428516,-0.5679902958278539,-1.2721276454928476,0.052927320441707656,-1.2775004724970513,0.04633977506397342
10.44,2.596348587585803,-0.5661759396486155,-1.2727892719890825,0.0533005842518825,-1.2778972910307262,0.04671053351941297
10.450000000000001,2.58613596734242,-0.5649233475536062,-1.2742729001235251,0.054815918934732775,-1.2785641384935398,0.04676456806653628
10.46,2.57562921852655,-0.5596307090101459,-1.2755189930643778,0.050017095790603955,-1.278614489141624,0.04909349870392816
10.47,2.564358393741465,-0.5599228656852058,-1.277802741022659,0.05056328538125472,-1.2786994833564018,0.04599484084889516
10.48,2.552380844516261,-0.5574482253148659,-1.280254653691367,0.05275398266234529,-1.2803742061253314,0.04632034884992945
10.49,2.5394849458124344,-0.5560533494223021,-1.2826488453636988,0.05132447722432135,-1.2803181871461073,0.046298087937954674
10.5,2.529692432843934,-0.5527026997376167,-1.28359344659863,0.05004793064761164,-1.281037936343951,0.048595657690530286
10.51,2.5142932258243795,-0.5499718933699645,-1.2841602851173648,0.049484207587009985,-1.2821566508930478,0.04780872688161882
10.52,2.503081413436464,-0.546719976392758,-1.2856546853761923,0.05219774256531763,-1.2834734504213468,0.04625517449573211
10.53,2.489068954557256,-0.5438155820291686,-1.2903645008798323,0.0500212184681967,-1.2841173645416732,0.046257198044663904
10.540000000000001,2.4766536504849985,-0.539836313276547,-1.2912978175496668,0.04959963157488399,-1.2841277753406328,0.046881038755573284
10.55,2.463885300131218,-0.5392754354554684,-1.293480595409545,0.04815477725678974,-1.2872531981649307,0.04504525415371869
10.56,2.448865489969591,-0.5378922084445432,-1.2942875110587597,0.04946341926080771,-1.2868975529805113,0.04588547667904099
10.57,2.4346716762545224,-0.5346298225899415,-1.2984092835702405,0.050193654704453194,-1.287238381041156,0.04639098143824824
10.58,2.4199753845742853,-0.5310851209245324,-1.2994275035714093,0.048157409188076955,-1.28662288234223,0.046063747092207334
10.59,2.4057572766958337,-0.5283644632811858,-1.301315379810208,0.0492186922591541,-1.288328800846516,0.045808998477812
10.6,2.3900228609651673,-0.5236374452580782,-1.3045483722119782,0.04831014675710242,-1.2907043013684893,0.046212741337555034
10.61,2.3749679657789247,-0.523117504807714,-1.307491975220281,0.049381802220466425,-1.2906380284262569,0.048337389891027455
10.620000000000001,2.3571818035480256,-0.5190674719123618,-1.309637157618942,0.04779160386344287,-1.2936841550488785,0.047056186381488396
10.63,2.3416725970253993,-0.51610951613486,-1.3118349055582266,0.04657070672206955,-1.2924709085892434,0.04540740290723086
10.64,2.325372529948717,-0.5110766725057191,-1.3126736180545018,0.04571758329323142,-1.294561121232608,0.04676757486424295
10.65,2.3081253262340606,-0.5108829466021382,-1.316150760479395,0.046696496022079044,-1.2934253972203733,0.04614873049159485
10.66,2.2921975658713394,-0.5074903693831027,-1.3199416320081707,0.04700394846035353,-1.2951695948042399,0.04550367227440789
10.67,2.2739273587761146,-0.5042623881666383,-1.3217998146199554,0.04676834435435831,-1.2975300651729862,0.046090798508675986
10.68,2.2553907102758535,-0.5002449746307782,-1.3227433341164403,0.04576042509815622,-1.2990757832337583,0.04600193606557042
10.69,2.237201146110748,-0.4971381279686381,-1.3257642184445864,0.04522634081035839,-1.2976168333944778,0.04616147148482045
10.700000000000001,2.2205366716645423,-0.4922204278388317,-1.3319943079553824,0.04517863673572822,-1.3003899782127828,0.04750910220022663
10.71,2.2031435162433834,-0.4902495457840685,-1.3313247442130611,0.04441533627913083,-1.3022312784244283,0.04635147416268809
10.72,2.183625508785515,-0.48435328929988347,-1.3348931541233007,0.04446364386047795,-1.3017647496648446,0.04709994171834579
10.73,2.1657608740403536,-0.48084919645899415,-1.337474927687087,0.04406599710154797,-1.3025916057783162,0.04603326525533688
10.74,2.146161237768831,-0.47693533494366164,-1.3394394009937824,0.04354380906140902,-1.3052042110279998,0.047355408413688405
10.75,2.1276733991307015,-0.47447113660595913,-1.344016330043491,0.04346751773213663,-1.305975517691357,0.04546438398895604
10.76,2.1077247484853348,-0.4707841621841613,-1.3469745753268751,0.04358990982011706,-1.305992328744471,0.046855734464729314
10.77,2.0878100457199262,-0.46658726572636205,-1.349520296635659,0.041342037640409134,-1.3077023358374977,0.04610171740081329
10.78,2.070562453287793,-0.46216940168936066,-1.351937796258371,0.0422534114746162,-1.3093303279324624,0.0450628206104812
10.790000000000001,2.0468461325085903,-0.46036147020153173,-1.3555976876131626,0.039810507414425,-1.3111430107629616,0.045686803363010196
10.8,2.028064260867272,-0.4563024867763261,-1.3588781870251003,0.0427608611627785,-1.3112955132355724,0.045377797332082255
10.81,2.0079128837220006,-0.4518423102025225,-1.3622997475638958,0.0401905543756488,-1.31220692571868,0.045463984140991086
10.82,1.986576964952271,-0.4479168964539827,-1.3646001561288217,0.03874238034369085,-1.3143493837461653,0.046551045188261066
10.83,1.9673331112552652,-0.441965617872113,-1.366707855453996,0.04132749384680689,-1.3131044913296186,0.04641820633936768
10.84,1.9463440086880976,-0.43906608251533447,-1.3714059550817927,0.039753388608127105,-1.317356150523315,0.04606663762043826
10.85,1.9247585104057698,-0.43649330862429375,-1.373695929539953,0.03913293287633258,-1.3197240456652988,0.044411612389426855
10.86,1.903323409942231,-0.4326176442718952,-1.376853250323876,0.03903536151819604,-1.3183711020790936,0.046301032874907465
10.870000000000001,1.8841368685645505,-0.4272462542345068,-1.3802081641687245,0.03939251744886338,-1.31976437295216,0.045934342237589514
10.88,1.863075517765358,-0.4257327558055524,-1.3838377069788277,0.037752969762458496,-1.3208334987772694,0.046939284422827854
10.89,1.8393619476275955,-0.4183427079014463,-1.387815183910893,0.036608576408684756,-1.3233227629714526,0.04525195627577278
10.9,1.8178334073674476,-0.41487721898131813,-1.3894230129746246,0.03810709762780161,-1.324781185945747,0.04545659043984262
10.91,1.7976459664071902,-0.409824731258191,-1.3957252956809054,0.03593329045626745,-1.3256879051506556,0.04450512728206255
10.92,1.7758479771834748,-0.40724617038655364,-1.397073703440553,0.036404227706485826,-1.326439082268015,0.04520747721159134
10.93,1.7540091266377884,-0.40310574461411036,-1.3997645439805297,0.03440748245337378,-1.3278831455104165,0.0449811531293318
10.94,1.733775661856324,-0.39825847020805444,-1.4020044506902696,0.03462097188637609,-1.3299123640577521,0.044251434041085974
10.950000000000001,1.710277116546151,-0.3934846707786367,-1.4050027974329402,0.03407732516621015,-1.3312936723135407,0.04523005385346436
10.96,1.6895775782103102,-0.3919077168131347,-1.4109816847178207,0.035081710289320805,-1.333902708323879,0.04486742778931531
10.97,1.667347015438182,-0.3857971645639433,-1.4129936648298231,0.03390973694437578,-1.332775023935747,0.045466943267200396
10.98,1.64475368488415,-0.38190982883271507,-1.4158267542372502,0.03530234238698555,-1.3341376285660378,0.04623862980697334
10.99,1.622880683568707,-0.37817965438828616,-1.4196603149743048,0.0332512432933712,-1.3370163177826702,0.04624410786983519
11.0,1.6022708697265888,-0.3737667542565083,-1.4221900018164801,0.033144516214717826,-1.3368218315842382,0.043926870726823185
11.01,1.5794593476902064,-0.36932842966180346,-1.425500862419477,0.03197505067244873,-1.340944951050477,0.04411666654534824
11.02,1.5576284121798227,-0.3650015022260042,-1.427869520285196,0.0326056446773881,-1.3400050259934269,0.04499300427604195
11.03,1.536758018127545,-0.3613550669648943,-1.4327524282381838,0.030720523075165786,-1.3401497198345207,0.04532446579392655
11.040000000000001,1.5133160285655864,-0.3567278881910925,-1.4354724425561378,0.031026775600198758,-1.3431645622951234,0.04437170641788069
11.05,1.4924032880902773,-0.3527351224130288,-1.4395951004821035,0.029654805689699807,-1.3439384962118073,0.044745305594470985
11.06,1.4700445440420495,-0.34805227819275003,-1.4418217186338447,0.031008992236283447,-1.3448293853160642,0.04465429194894572
11.07,1.448100586958414,-0.3449499008175921,-1.4462595721577687,0.02999095016695127,-1.3473002367966669,0.04490909971883103
11.08,1.4260840758878133,-0.34131334013984455,-1.4482851692255958,0.02913802720936746,-1.3486432037373777,0.0438317797130616
11.09,1.4056966494130014,-0.3345023815073862,-1.45259979778248,0.028943503529593264,-1.3482720843530784,0.04316762205140923
11.1,1.3855230336886544,-0.32942277562377104,-1.4578458215904335,0.028627639568703865,-1.3511244748301783,0.044477810166568814
11.11,1.3620074222843723,-0.326717422974231,-1.4588053306400095,0.02750060891246773,-1.3519319497727293,0.045119590185851786
11.120000000000001,1.3400007099636593,-0.32475094052024855,-1.460176773807401,0.027319554677021605,-1.3531804587435199,0.04428487442543183
11.13,1.3202768399791052,-0.31767576887540894,-1.4646027683663325,0.026141824374554236,-1.3555411635805636,0.04424570043922954
11.14,1.298441333549328,-0.31665558003694394,-1.467570087258632,0.026107705145543298,-1.3542961148472066,0.04614471231087877
11.15,1.277455949517543,-0.31072307368305147,-1.4725183237051678,0.027191151488893305,-1.3572927887505741,0.04356938276893394
11.16,1.2565458045046083,-0.307490610587244,-1.4748658258800118,0.027069337490808257,-1.3587944086347001,0.04599476262183415
11.17,1.234904327998787,-0.30167878995246716,-1.478587418419229,0.025836055409804267,-1.3597797495323904,0.044143449958669166
11.18,1.2161670483475155,-0.297811904807176,-1.4797579321377092,0.02508280666245434,-1.3604253811441924,0.043723918501394544
11.19,1.194162180698151,-0.29618273409512313,-1.4842522747237574,0.02525607489517709,-1.3634795991764208,0.04432923364567752
11.200000000000001,1.1760707254983152,-0.29029592389650394,-1.487430509443282,0.02342451842505512,-1.3626253783575868,0.0423109103427574
11.21,1.1556051070795046,-0.2875863714861061,-1.488345842331308,0.02274500124925375,-1.3634307658780829,0.044209402995558374
11.22,1.1344119482212054,-0.28475430351300374,-1.4924217200317011,0.02445407198570897,-1.3638689795614005,0.04514098495710558
11.23,1.1144306106411854,-0.28062919094945005,-1.4971059032755996,0.024765201329975506,-1.367289682201768,0.04551755075798443
11.24,1.09584607398624,-0.2756963170655383,-1.499120811790011,0.023675372766931557,-1.3677964536053848,0.04386846156444718
11.25,1.0766324764130828,-0.2723791061637225,-1.5024612354058744,0.02324538974734233,-1.3689992645319102,0.044582526054588144
11.26,1.056471707846375,-0.2696174631708147,-1.5031310655231251,0.023698729269436954,-1.3693203395168985,0.04378302267493016
11.27,1.0376608735344621,-0.26370577971680625,-1.507802671660097,0.02142829712433438,-1.3695931796245824,0.044045806272379764
11.28,1.0207407837984726,-0.26252447359597997,-1.5098573954646672,0.023423187926654626,-1.3723233250629792,0.04382338130201355
11.290000000000001,0.9996792695488989,-0.2567952643498951,-1.513763348889086,0.02117301503748793,-1.3745353123823174,0.04537917771592727
11.3,0.9834397585577537,-0.2542478493933592,-1.5168451496367192,0.022240538313193718,-1.3748721062362241,0.04302323820593772
11.31,0.962867097255352,-0.2513106042400361,-1.5198180724189685,0.020005806105685676,-1.374983574094352,0.04362772338566403
11.32,0.9469337582777114,-0.24795205339189136,-1.5211655539394748,0.02187951607268333,-1.3770030067715064,0.044258851559882656
11.33,0.9277274724923619,-0.24261672426531988,-1.5242747708563622,0.020778772110039947,-1.3778570028097155,0.04442558139064471
11.34,0.9124072781749119,-0.24101020252398692,-1.525502607219912,0.018863481161425957,-1.3781057960042493,0.04352032660326405
11.35,0.8951183880752571,-0.2377414302162377,-1.5289693756546456,0.018256915410642262,-1.3795880044894342,0.04386884693781238
11.36,0.8776028106066743,-0.23416104810338936,-1.531413078925123,0.018331071796231682,-1.380919634140413,0.04292270068021821
11.370000000000001,0.8636567256098227,-0.2300164543936375,-1.5337674320135504,0.019571334613667238,-1.3835212657168636,0.04153863165654881
11.38,0.8450766674014928,-0.22902535116902936,-1.5366458690506017,0.01841291927264856,-1.3819608232079832,0.042748226516396426
11.39,0.8298742759211052,-0.22474629776325214,-1.538526919467051,0.01747038744771992,-1.3825099371457166,0.04362265388335935
11.4,0.8154640740665235,-0.22244097621885775,-1.5405291408571973,0.017568069427727807,-1.384938501213464,0.044236735230101375
11.41,0.7983395255978455,-0.2211233588679229,-1.546153151752404,0.018432436424636676,-1.3844967791584764,0.04530443463016483
11.42,0.7835690750192097,-0.2170351212117966,-1.5461044103780215,0.017039726313125003,-1.3873491606654207,0.045069091909532365
11.43,0.7708256818861929,-0.2126548555500405,-1.5479601013645963,0.015613304360616538,-1.3860026354585873,0.04367059421466437
11.44,0.7542132023604913,-0.20987667488218759,-1.5506279207211875,0.016591148614420653,-1.3894743301008265,0.04452678338279528
11.450000000000001,0.7402796414590862,-0.20656960296472435,-1.552411719163739,0.016069772462932452,-1.3901182335410098,0.04421580956986386
11.46,0.7258262242160088,-0.2053502102660645,-1.5543073833964491,0.01602619339302108,-1.39137503094083,0.04332662130135594
11.47,0.7138221806245246,-0.20266201813528334,-1.5565287145764997,0.015800095119021477,-1.390802942941522,0.04260455503022339
11.48,0.6999551361061436,-0.1989323359991229,-1.5592259614664792,0.015075783266769142,-1.392686326956008,0.044301748915265136
11.49,0.6870887010963,-0.19807212916747824,-1.5601554693249995,0.014102754909314988,-1.3931507190986487,0.042183001818407215
11.5,0.6737471844956356,-0.19373893700490688,-1.5627540242468805,0.015316819109789137,-1.3937272716033666,0.044097583857178685
11.51,0.6616202287830851,-0.19254578543039616,-1.5638969815138117,0.016704619018547546,-1.3931762476705662,0.04289550677656687
11.52,0.6512817632750931,-0.18843441972515723,-1.5671443379678143,0.013707724158612423,-1.3946422425863831,0.04302767679073335
11.53,0.6388944035421159,-0.1892228719238827,-1.5662261334491652,0.012977643957004462,-1.3952994111098032,0.04428365359214149
11.540000000000001,0.6279933597410086,-0.18678815001668403,-1.570307128523561,0.013801070176518776,-1.3964544855453718,0.04353003166824397
11.55,0.6159669240020674,-0.18313731842587147,-1.5706578022900681,0.01395665058615637,-1.395185339977362,0.042949427085618816
11.56,0.6060630077034674,-0.18230298809354598,-1.5725045377379876,0.013507355107708039,-1.3977967480637083,0.041547146936941524
11.57,0.596050307244927,-0.17955403294814057,-1.5737448442217998,0.014435853654145658,-1.3959740613262013,0.043957017097188064
11.58,0.5879269917179,-0.1773069582932578,-1.5738480902294334,0.014813092626844269,-1.3974389994869207,0.04389316387081143
11.59,0.5770594881182619,-0.17618522637777675,-1.577060855084008,0.013555502324587463,-1.3994659528310458,0.04309292295737042
11.6,0.5660385185529919,-0.17288348840141907,-1.5783335203691544,0.013232928931959967,-1.3981132491192758,0.04350531946027401
11.61,0.560546012783769,-0.17377365640148268,-1.5773734858138424,0.013612596082991282,-1.3997307489808257,0.044471054489118124
11.620000000000001,0.5497932796477313,-0.17130945422899865,-1.5794792342138773,0.010869684303225106,-1.3999320042584882,0.04367662684897588
11.63,0.5443936470312511,-0.17087099309368706,-1.5805585961943314,0.011852371309926729,-1.4012989181495443,0.04213119399592559
11.64,0.5339209498626651,-0.1676336466178979,-1.584107562423197,0.012834703957558813,-1.4019551485713477,0.04212499913885717
11.65,0.5269359865349438,-0.16625195071631033,-1.584502709593483,0.012073066958167076,-1.4012169687487472,0.04411473364952786
11.66,0.5199813099874251,-0.16608043101036055,-1.5852685969237108,0.012314865516133203,-1.4035274509384006,0.0423801034532219
11.67,0.5128061505966032,-0.16403683704397876,-1.5870243615877015,0.012388444260522092,-1.4040621051678768,0.041766490896755847
11.68,0.5066478707597396,-0.1627574250068704,-1.5886062171728665,0.01111553467295679,-1.4034005764943764,0.042790169525676464
11.69,0.5008976965711406,-0.16199187524743808,-1.5869755302099713,0.01195088686222755,-1.404124972456032,0.0432047704932783
11.700000000000001,0.495016142781629,-0.15922594403876664,-1.5896698584452855,0.012080469650159473,-1.403735151392045,0.044413407211226656
11.71,0.49049011385238867,-0.1590458327596332,-1.5902084985193095,0.011745020454126466,-1.4042614378943423,0.044568152885807705
11.72,0.48419636625086493,-0.1585629225739504,-1.5911679863455912,0.010142440149921326,-1.403932069291197,0.04237680646701511
11.73,0.4801544242125939,-0.15838699458245367,-1.5913974386686363,0.012108778820744088,-1.4065915262580653,0.04484480918298762
11.74,0.474192072322523,-0.1562429161114152,-1.5917064345066387,0.011648509615080719,-1.404751992700872,0.04394559847307545
11.75,0.4706767051183082,-0.15399327295913326,-1.5924018187282138,0.012644845118445144,-1.4044647406931556,0.04149160517544585
11.76,0.4684504757121935,-0.15525044198629756,-1.5921617985725118,0.010874891603618963,-1.4045679462892802,0.04245932818538236
11.77,0.46294742852635423,-0.1542436977267374,-1.5926559282374044,0.011160929645815179,-1.4049031362848932,0.041164851538963085
11.78,0.45883094319995565,-0.1529909265731791,-1.5943643752504046,0.011548844767733546,-1.4062487233591738,0.04308965879928853
11.790000000000001,0.45670841184441635,-0.1547157684974005,-1.5945306016820657,0.010355875845301336,-1.4069190253455772,0.04333497442318805
11.8,0.4537810093268595,-0.15124859993694065,-1.5956090683625834,0.01135370816061085,-1.4055432118520625,0.04295970618291218
11.81,0.4493897138234821,-0.15218659350174477,-1.5951682912760103,0.01049984796197129,-1.407376447926383,0.041560753157215156
11.82,0.4482492846084785,-0.15163326642912886,-1.5959827225836762,0.01157037657710362,-1.4077538388451116,0.04298724357819626
11.83,0.445138696874038,-0.15039395409532966,-1.5955258495787,0.009284845693316966,-1.4062483381877795,0.043922790733675804
11.84,0.4431156049752647,-0.1504581225929669,-1.5965442048667164,0.010706809032714062,-1.4063578124416136,0.0435088157560114
11.85,0.44062865403643203,-0.14912860331651812,-1.5961607194226004,0.010533394199061125,-1.408277347597006,0.0429156506727949
11.86,0.44006930531781746,-0.15068605450210554,-1.5977316828772579,0.009110230196614479,-1.406538538776191,0.04315775905645124
11.870000000000001,0.4370737767071964,-0.1491127367949016,-1.597675676851824,0.010763744559697617,-1.407493464628007,0.04231101617845491
11.88,0.43663300402891203,-0.1496570497369873,-1.5977910236457324,0.010418765203693075,-1.4073904002802775,0.042638859119617664
11.89,0.4359687261488835,-0.1468004887411471,-1.5986349616946443,0.009782670285917056,-1.4044112856390234,0.04337382735952282
11.9,0.4342029726883079,-0.14808623618630892,-1.5988870778093873,0.011046000508217189,-1.4075218460061265,0.04262106984449022
11.91,0.43609320314836103,-0.14818894342172256,-1.5973518335369659,0.01061825259408273,-1.4077686472382278,0.04353708093724009
11.92,0.4351629758798464,-0.14845365624140605,-1.5967160918688974,0.010969590852297558,-1.4072306400900456,0.04322199270001398
11.93,0.43377012672363086,-0.1495750245394789,-1.5984356984707466,0.010411519908415207,-1.4078061443052825,0.04329638632341202
11.94,0.4333216852751782,-0.14774102776353654,-1.5978306397582838,0.010357607570094353,-1.4086569731148668,0.04456378397137581
11.950000000000001,0.43292786683854734,-0.14843834907498665,-1.5987460229279362,0.00978062586427999,-1.406131477225477,0.044210183735183956
11.96,0.43326924904525055,-0.14842877126974122,-1.5979324344863597,0.010267931689095521,-1.4076551263619543,0.04329537907817875
11.97,0.4323921467754447,-0.14809471893003576,-1.5983101858161124,0.010727662218238116,-1.4080356762965434,0.043619849454551246
11.98,0.4319321207825287,-0.14880409537313574,-1.5989581117030198,0.00926490654331195,-1.4066122873842697,0.042154383555814204
11.99,0.4320929805646446,-0.14720500888579938,-1.5989974912538354,0.010035870983330506,-1.4083829880953935,0.04372689226477768
12.0,0.43343891676785523,-0.14765514804894597,-1.598030916733517,0.010264218614045277,-1.407957604967935,0.04228880511479913
12.01,0.43382565492408315,-0.14763258236625268,-1.599105022074132,0.010234759775119248,-1.4077618998253758,0.04201545042645929
12.02,0.4328550300721371,-0.14866258575044286,-1.5993312450536414,0.008909213342839648,-1.4088646759966401,0.04267586955718978
12.030000000000001,0.43262574062945985,-0.1490638440541353,-1.597932122720742,0.010142799851629565,-1.406996572596183,0.042840380223689994
12.040000000000001,0.4320131102832562,-0.1482004136324626,-1.5996018913807866,0.010670748914859845,-1.4083178169618054,0.04380130904434574
12.05,0.4324046416427892,-0.14737276458637993,-1.5994796735450052,0.009608534357601275,-1.407167571547079,0.04402145140826602
12.06,0.43415439063965816,-0.14826390121224248,-1.5968962643964315,0.009947219993961955,-1.4065411443637728,0.04217779197266687
12.07,0.4330666941181656,-0.15034351268169915,-1.599478772800706,0.010607252333458706,-1.4086453189600996,0.04337258382241897
12.08,0.4334910339369808,-0.1487374843984833,-1.5993455709686724,0.009786194114222263,-1.4083428302463044,0.04291167450824819
12.09,0.43278909087698575,-0.1485670442096236,-1.5970388459198774,0.009572201734751935,-1.406285745485025,0.04209134735127011
12.1,0.432763510410854,-0.14726754576113416,-1.5975127046338597,0.00983325579888107,-1.4070156102903315,0.04336754808752367
12.11,0.4322288141786521,-0.1477624822784657,-1.5968746689652533,0.010611636484459496,-1.4070057608222772,0.04358656587266365
12.120000000000001,0.4314250573953518,-0.14789837820768176,-1.5993872901141055,0.009685226533515343,-1.4056133498840915,0.042778987552127654
12.13,0.4320540762421033,-0.14729418195485217,-1.5993270041972516,0.009809553139871745,-1.4064099963569734,0.04303732174138428
12.14,0.43133724949865637,-0.1478252795066708,-1.5988459817506768,0.011543773921584096,-1.4080289979059415,0.043917367721200036
12.15,0.4342495888592983,-0.14904258805015233,-1.5986686101684977,0.010539139529514314,-1.408248175310503,0.04323587683857771
12.16,0.4325037200214244,-0.14851386180070855,-1.5984572931958305,0.010262190196367163,-1.407356987049946,0.0424774254312047
12.17,0.4322155212748061,-0.14840348719384971,-1.5985390584102497,0.009817031704886384,-1.4072173093333933,0.0414163216173184
12.18,0.43206254793536564,-0.1485442831117595,-1.5992471014395007,0.011621743476268525,-1.407483539933582,0.043154260645136645
12.19,0.43227830165496295,-0.1483137697056459,-1.5995605087099176,0.010051806679708146,-1.4083176941098967,0.04275791970445849
12.200000000000001,0.43046605136708366,-0.14928436849801996,-1.5972224832117172,0.010924658741153821,-1.4063489210312479,0.04421101526278568
12.21,0.43328729231880925,-0.1486952024819522,-1.599405172209088,0.011200723452229026,-1.40744365381278,0.04517644548828631
12.22,0.43238139191131225,-0.14657832357675663,-1.5986368266493869,0.011365922349440801,-1.4060193571396955,0.04210730778351035
12.23,0.43227675933339893,-0.14920144442965705,-1.5995733290468432,0.010782125643628463,-1.4076715906231838,0.043045698237841566
12.24,0.43318541021668644,-0.14992087578657587,-1.597377084826411,0.009895357872511178,-1.4070353922132115,0.043541674137697016
12.25,0.43389624566801716,-0.1483915053330927,-1.6003532232889492,0.010249853247428563,-1.4073248502246873,0.04209743713417498
12.26,0.4328287098767888,-0.14861504801731848,-1.599671773872957,0.010785981114766023,-1.4079919429979735,0.04264536723455845
12.27,0.432296323803238,-0.14722184153181644,-1.5985357060870113,0.010269027615313063,-1.4078845275848684,0.04340392750232957
12.280000000000001,0.4338775021301024,-0.1477346347820099,-1.597900595500077,0.010729035655886248,-1.4087044889301104,0.0422354420874062
12.290000000000001,0.43252111475283067,-0.14893343587316712,-1.5994289838045688,0.008566218457292217,-1.4086750684121738,0.042776139220442905
12.3,0.4326394140655656,-0.14899206997694261,-1.5984311247587921,0.009821408728011705,-1.406548295008252,0.04285895491308576
12.31,0.43330766332818865,-0.1481226625381296,-1.5997235377990835,0.010120885816976734,-1.4085782854425137,0.042905646769154926
12.32,0.4320497506940624,-0.14796667437223923,-1.5996714251458606,0.010212829762858956,-1.4070004731697274,0.043792026548047716
12.33,0.43203313782936686,-0.14828450935447773,-1.5983393014507556,0.011550122376107575,-1.408792704343443,0.0422049130382605
12.34,0.4351473552123466,-0.14853832233916428,-1.6001502034058823,0.00969162909703048,-1.4099162977142428,0.043210242983430514
12.35,0.4334066705149664,-0.149095575506535,-1.5989107841155596,0.01100604030804574,-1.4090273511240443,0.041846711552377264
12.36,0.43250093195026384,-0.1489565359995626,-1.5987564472461768,0.009097169800161311,-1.407312976201962,0.042869769565534996
12.370000000000001,0.433179259117251,-0.14812511844486334,-1.598319628885188,0.00893785873338203,-1.4070701327778143,0.04271126459521429
12.38,0.43255461555016317,-0.14738521676003075,-1.599127825960857,0.011379130766647904,-1.4062394575031103,0.04365692834948906
12.39,0.4318442469069266,-0.15020790077751514,-1.5975585389330347,0.01029720180288816,-1.4081503074721684,0.044024126343797834
12.4,0.4319481480414442,-0.14867014528978884,-1.5980419467465339,0.00922819820143942,-1.4075955401170361,0.04395045149325936
12.41,0.4328842288781261,-0.14721141516231673,-1.5975107453222213,0.010206752970713884,-1.409539191539251,0.0420350316335579
12.42,0.43336613467769486,-0.14965284957588482,-1.5987850930656353,0.010495380058152232,-1.4062175576384068,0.0424982006516526
12.43,0.43213845103901916,-0.14834576756520393,-1.5981937706644431,0.010065394250059138,-1.4065843406287488,0.04230261544583226
12.44,0.4328048601959867,-0.1479114786167231,-1.5988492690153684,0.010932785157734206,-1.4073700091503176,0.043688397749237495
12.450000000000001,0.4328693877888549,-0.14797152504539945,-1.5990518659159747,0.009649547845799708,-1.4064315125037707,0.04355458748438462
12.46,0.4318072944858104,-0.14814216688716703,-1.6005715103919596,0.009699142721700497,-1.4066613451420096,0.042890789871632175
12.47,0.4328028982157744,-0.1509322892123594,-1.598842305856967,0.010495198203691405,-1.407093957984905,0.043839813786907836
12.48,0.4325165154976856,-0.1484445619677679,-1.5996624917583202,0.010021521287509057,-1.4086009319299948,0.04138742911300867
12.49,0.4317530023508426,-0.14698342404918366,-1.5987361091897279,0.010391879196768029,-1.4079481100140028,0.04143744946428116
12.5,0.4335169128100578,-0.1501956004773088,-1.5989841479437983,0.010152339525429103,-1.4072988598415201,0.0423660356742655
12.51,0.4310960760297926,-0.14899908577834473,-1.5991534146092286,0.009525348654189652,-1.4066534641831812,0.041940931785506085
12.52,0.43296265396596045,-0.14816185977521976,-1.5976618448290312,0.010083820524942388,-1.4068096079903958,0.04284970957760093
12.530000000000001,0.4330790789917481,-0.14961156352179839,-1.6008023319507232,0.010529471783763452,-1.4071237217385786,0.04341495406572076
12.540000000000001,0.43224190996333783,-0.14699997208793517,-1.5989013191020747,0.010567286232292443,-1.4069810820011024,0.04449988373869376
12.55,0.43242333946541606,-0.14887001834321845,-1.5998073784815803,0.011554695773279446,-1.4071322496084093,0.04339537040052911
12.56,0.4354198375410987,-0.1480163449525003,-1.5996364898219098,0.010029041879997248,-1.4083506581262466,0.04265453965549732
12.57,0.4323486742948818,-0.14881227542068173,-1.5997158683564443,0.011589719842548508,-1.40723920588307,0.042803238531165494
12.58,0.43336116373313566,-0.14788891625277403,-1.5982594144498208,0.010797773586979842,-1.4073831198869298,0.04358487855710084
12.59,0.43335721446437936,-0.14815800111594984,-1.5986923304782386,0.011535524025032658,-1.40791704776847,0.04334148553676453
12.6,0.43306120322845465,-0.14883193957516927,-1.59920495801975,0.009891205858549272,-1.407929540236086,0.04172754103877238
12.61,0.4321314632874743,-0.14806767661868203,-1.5973952558156055,0.010683797707165368,-1.409768521800787,0.04355964306638929
12.620000000000001,0.43221292068051165,-0.14790461304607583,-1.5985123353406925,0.010031848324846658,-1.4075892175033056,0.04298043109941051
12.63,0.43387321466215784,-0.14831715674980964,-1.5975526910163311,0.011020222600890743,-1.4069178929466948,0.041440880955532035
12.64,0.43367444581926545,-0.14869959426159043,-1.597875410119945,0.009351304998810293,-1.4085341721967781,0.044724724537851805
12.65,0.43186487472989205,-0.14729983327847904,-1.5983966587744831,0.009833376086397215,-1.407539120581578,0.04186458085779753
12.66,0.4326879970394625,-0.14924486917107807,-1.598845089810868,0.01100747619792685,-1.4072781767883098,0.041706562235930396
12.67,0.4334430635678143,-0.1483061957110711,-1.5989731459044776,0.010851597997491634,-1.4076459154918546,0.04198276858277182
12.68,0.43431251817075606,-0.1483150861398849,-1.5985710219890312,0.009846479046822208,-1.4064702856392868,0.042541957092998274
12.69,0.431351750729337,-0.14889225798799108,-1.5973421707395117,0.010926172301458188,-1.4077225431391518,0.04419839118457836
12.700000000000001,0.4333527027253823,-0.148532643107311,-1.598644783661651,0.010487383935382398,-1.4082259583138004,0.04300393141130781
12.71,0.43296922869994536,-0.14977215576168515,-1.5986652131484873,0.009935533587341725,-1.4066028414058616,0.041390372720742995
12.72,0.4323670731919996,-0.1487204102391648,-1.5976621800313386,0.010161998449331727,-1.4059326117377962,0.04357789019325165
12.73,0.43234201290420016,-0.1480908583332004,-1.5988089833251058,0.01094996456789125,-1.4086625618192234,0.042281189658670004
12.74,0.4330976644723464,-0.14723032570711098,-1.6004215801014074,0.011399452409646144,-1.4076222909694387,0.04135600896091568
12.75,0.4300804982955123,-0.14963464111912383,-1.5985171957306568,0.010142493113481563,-1.4069474283794632,0.04252048197770352
12.76,0.4317330522109458,-0.1486604858779926,-1.5984706694915427,0.010401387254799967,-1.4081886761171407,0.04378666064760453
12.77,0.43215772901860755,-0.1490589715767165,-1.5989733258837542,0.011137974999936243,-1.4076158867669393,0.042393922633593636
12.780000000000001,0.4335081814736782,-0.14643009914677965,-1.5983170173823527,0.011276730669650556,-1.4065958514227577,0.042471479612630064
12.790000000000001,0.432723242707144,-0.1494192313296053,-1.5986788458662256,0.009653545815723873,-1.407851584323138,0.04234559313290334
12.8,0.432449460771251,-0.14783553936189714,-1.598604276363334,0.008573027460661659,-1.4081511130237159,0.041674073932259414
12.81,0.4329129827258271,-0.14786077274073975,-1.5982761194419255,0.009512860039612867,-1.4072845793082587,0.042589747918813516
12.82,0.4317067109135932,-0.14765254400410108,-1.5977861361162413,0.011028067520110138,-1.4080308843035232,0.044029187771521455
12.83,0.43226926822924594,-0.14772971251365094,-1.5989458554068978,0.010004538688844761,-1.4096128762693911,0.04273653101765726
12.84,0.4327794909917965,-0.14865783579597708,-1.5969674367963838,0.009185556968415231,-1.4079918174094963,0.04221034968223161
12.85,0.43220801177347906,-0.14739992230518026,-1.5972101739369917,0.009588443078290846,-1.4081309431068636,0.041990214760644184
12.86,0.4338399490482724,-0.1473217391084972,-1.5985924865678498,0.008981673616999915,-1.4086402781989884,0.04314890228550397
12.870000000000001,0.43317938776914716,-0.15010305148352976,-1.5987803957929088,0.011612229577213345,-1.407689812590455,0.04429995446737093
12.88,0.43326639959738,-0.14924621245233932,-1.5987554038847531,0.010087693090452397,-1.4083312231513283,0.042153630484607074
12.89,0.4340149036499054,-0.1491529080396487,-1.597558886984719,0.009819095435934027,-1.4075223745362233,0.043490301749110755
12.9,0.4321776590195723,-0.1478044099946621,-1.6002858468083858,0.01058371708365905,-1.409654198917922,0.042802038886087
12.91,0.4334454676352936,-0.14775694489947877,-1.5996330768950142,0.009179275257240853,-1.408100979728503,0.043162503995879495
12.92,0.43092680378265924,-0.14831153974687222,-1.5982282266019883,0.009953003464411933,-1.4070415709738855,0.043195236158952266
12.93,0.43222731748830184,-0.14998964396393052,-1.598383575123068,0.009368284842854471,-1.408004699150423,0.04341811475647494
12.94,0.433936856706968,-0.14833321372338892,-1.5980164872167248,0.008939453975992183,-1.4072857402560175,0.04294772220730195
12.950000000000001,0.43377270342691254,-0.14877163899385062,-1.5987108686008078,0.011123989930960828,-1.4075803146350192,0.04203235335070876
12.96,0.4349267200961176,-0.1492412497504205,-1.5985564614724674,0.01050254249001574,-1.407266459666571,0.042834417381507936
12.97,0.4325387661603555,-0.14850501672922897,-1.5994738360033451,0.01207642024656613,-1.407691978291929,0.04352092056159808
12.98,0.4324079602891124,-0.14860958970745347,-1.5988974495735464,0.00884750440507108,-1.4076401683871707,0.04264481881756535
12.99,0.43372234799765425,-0.14934431786054264,-1.5990036559258463,0.009415962786099331,-1.40624115475322,0.04224129800463212
13.0,0.4331906991836962,-0.1474533744006533,-1.5986275162958399,0.008998505742795504,-1.4086904488169605,0.04375028568605107
13.01,0.4316028243208797,-0.14795845103002345,-1.5983997754905672,0.01052916662766329,-1.4070882908058457,0.04218522374481522
13.02,0.43187171782907036,-0.14768054509014503,-1.5990457442933015,0.007800490897087661,-1.4069324741315485,0.04209573280313213
13.030000000000001,0.43318478249187203,-0.1470993946714201,-1.5984737741902932,0.011070470897816286,-1.4073611635797425,0.04438543200070047
13.040000000000001,0.43195457933908754,-0.1483421286104927,-1.597885272530901,0.010037366068883367,-1.4064836247902992,0.04262330037747683
13.05,0.43485755709583557,-0.14651579563676714,-1.5982009628465175,0.01068908094183288,-1.4064389925567722,0.04196460671256408
13.06,0.43215815498005017,-0.14731976896676263,-1.598170214428093,0.01001407569313065,-1.4074541478754714,0.04091886959326568
13.07,0.4334840677449352,-0.14914026996363144,-1.597555927012891,0.011086826448983522,-1.4069397930977123,0.043346810308027894
13.08,0.4328010548409799,-0.14805580404325672,-1.5977390683156665,0.011314036336695506,-1.4055671429888121,0.04152549147330012
13.09,0.4343499318189333,-0.14933097168361031,-1.598050386079463,0.010250408902205138,-1.4075850713688527,0.04390032753644896
13.1,0.4344460677793319,-0.14973016937595976,-1.5989867242256395,0.00993824954818244,-1.4084098939087724,0.042962477504892856
13.11,0.43613096591152617,-0.1496752553709941,-1.5971998722172607,0.010217668713807896,-1.4063583808380922,0.04283621083793913
13.120000000000001,0.4372845788434706,-0.14967852792293934,-1.597813600908261,0.010911186151189198,-1.4075829226234038,0.04346067489691777
13.13,0.4378007379343987,-0.14875705116901064,-1.5981324267942891,0.01105631898081887,-1.4070985760515407,0.04433772142085745
13.14,0.438892540105213,-0.1509754096154679,-1.5979551541211923,0.009131836010982058,-1.4082751650480794,0.04355534108555497
13.15,0.44148193984605943,-0.15041137447950859,-1.5975166183847056,0.00984981805726361,-1.4055332323226422,0.042373935378127156
13.16,0.4421244701623909,-0.14964349224993648,-1.5970976531291556,0.012185065045045122,-1.407325212008896,0.04375726656318697
13.17,0.44623205094607254,-0.15118029360889246,-1.5972555413493448,0.011091975610382259,-1.4062438928610455,0.04179162688839902
13.18,0.44653862886292217,-0.15336956498339593,-1.595751467244649,0.010260040883126306,-1.4067530896925358,0.0415505699425639
13.19,0.4490362656249045,-0.15204934506923273,-1.596486171023742,0.01063945937016744,-1.4059543097163683,0.04501168395735498
13.200000000000001,0.45269238784597476,-0.1511820515521723,-1.5962154478830108,0.009127813600476709,-1.4066081851847645,0.04164167677462372
13.21,0.4556904017857701,-0.15340831191711735,-1.5967503305259785,0.012162213056736875,-1.4065919886819407,0.041612191747049214
13.22,0.4596894222002044,-0.15398503644242156,-1.5936081667350346,0.010070069574519745,-1.4064014339485158,0.043348006453302744
13.23,0.46291904496768654,-0.15335211872090376,-1.594112182314494,0.011239424567170656,-1.4050692166105259,0.04322839446493026
13.24,0.46604736608086283,-0.15601048997513373,-1.5929440288397665,0.01088831340898793,-1.405854870145178,0.04417520088243547
13.25,0.46897771056549753,-0.15409523930435132,-1.592877072600416,0.011207464079756159,-1.4055958213467246,0.04161262387387657
13.26,0.47444137105024975,-0.15607392502134193,-1.5916150000050255,0.010842025906849294,-1.4069043534859285,0.04172986290767551
13.27,0.48098683401632003,-0.15821211340278188,-1.5902631421983617,0.010289874781364432,-1.4048725591965856,0.04362913736908533
13.280000000000001,0.48341213350947015,-0.1568194627718059,-1.5907008110591287,0.011603181626626591,-1.404651289924127,0.04366724312938651
13.290000000000001,0.49074135512151856,-0.15933229822445974,-1.5884701545883126,0.010769205370047538,-1.4034371659545013,0.04352864109291614
13.3,0.49397540522519573,-0.16009940433406816,-1.5891394979441007,0.01066628968108567,-1.4034592602521578,0.04323943158704208
13.31,0.5007018109121062,-0.16147438388908297,-1.5883437344409426,0.011203969490430156,-1.4032986047691764,0.04256037250095955
13.32,0.5092577473757796,-0.1638340142877994,-1.587847079411747,0.011203679680258349,-1.4012699333191787,0.04198135192093149
13.33,0.5138054468830658,-0.16363871325751125,-1.5860691112903813,0.012850347774194654,-1.4016003509294506,0.042751521452467696
13.34,0.5204212313589195,-0.16679591129838856,-1.5852485269204792,0.011211259784015354,-1.4024153769856234,0.04168654140156359
13.35,0.527749904628916,-0.1680263186580779,-1.584131270481964,0.010972884953428417,-1.4025659760492057,0.044177836596675735
13.36,0.5353833350484672,-0.16698291736998988,-1.5817757510140584,0.011514255005077736,-1.4000685020087356,0.04190467588601391
13.370000000000001,0.5433262686897128,-0.1699201222665668,-1.5827751043047509,0.0128768277536909,-1.400084203037096,0.043996316341558685
13.38,0.5510006065980247,-0.17094243576474802,-1.5802798026139397,0.012764085841052597,-1.3999486738417761,0.043390238652913804
13.39,0.5600210527581798,-0.17411004242997807,-1.5795801492768178,0.01145627958522014,-1.3996718445329834,0.04466029254912107
13.4,0.5676800749810715,-0.17427611965457335,-1.5774809608038511,0.01103093134108421,-1.3998410353486295,0.04356136392146945
13.41,0.5747104821560486,-0.17700157901322514,-1.57580535658398,0.013888637934923774,-1.3985106763045436,0.04402955725997034
13.42,0.5869082287148417,-0.1774914216050561,-1.57561571864987,0.013298983763927935,-1.3988208949516932,0.044379328124524504
13.43,0.5978676212147154,-0.17866383899050592,-1.5742198941055416,0.01255672003602353,-1.396566175517665,0.043769021951037844
13.44,0.6069831461894237,-0.18237792245810835,-1.571965064859345,0.012639653181562177,-1.3965185037452534,0.04451592751864432
13.450000000000001,0.6186132765933099,-0.18322852207443546,-1.5719646795902043,0.01396319010499813,-1.394575692136147,0.042573469121758634
13.46,0.6279680553328912,-0.18469993467251788,-1.5685916360430034,0.016166127030221317,-1.3964334018086397,0.04248720889176796
13.47,0.6402530395074474,-0.1891283155374937,-1.5676230286969228,0.0141618167400165,-1.394220621106845,0.04390704415650504
13.48,0.651082809659827,-0.19065151614131384,-1.5646619211705028,0.01795612266777699,-1.393832253032245,0.04347863534220117
13.49,0.6613830551444939,-0.19313632576585352,-1.5641296003437513,0.014206698926509918,-1.393740428076175,0.04496452487116772
13.5,0.675766483451502,-0.19506204519311288,-1.5631686809785117,0.016077034371414146,-1.3930402688667036,0.04192810977680777
13.51,0.6877910113992336,-0.19643510953550805,-1.5623529907013365,0.014433534572305735,-1.3923452134156846,0.04409819038884922
13.52,0.699536780282179,-0.2005260092919025,-1.5576740625202914,0.014993891996045682,-1.391007594254549,0.042510257794181605
13.530000000000001,0.7119480781547359,-0.2016727592389669,-1.5561122339311653,0.01646336359084667,-1.3911577967997208,0.042809989184281895
13.540000000000001,0.7277779900010043,-0.20625475890787057,-1.5532161917469727,0.017072763082782633,-1.3891356107982888,0.04292781212605004
13.55,0.7396582058126573,-0.2077641557269572,-1.5533663300515617,0.01534939279711337,-1.388497650196492,0.04411946053706226
13.56,0.7535496190786264,-0.209706550792523,-1.5497203365644072,0.017780600170048802,-1.3877188750657363,0.044501907086704796
13.57,0.7692876756807712,-0.21221708472884743,-1.5490738425691974,0.01663713415343371,-1.3873861724990613,0.04339129200383464
13.58,0.7839717354616705,-0.2153534838618293,-1.545395945525443,0.016875343876771497,-1.387112399645023,0.04458791454053285
13.59,0.7989058031677789,-0.21968926416433057,-1.5436493193533096,0.015800722654774398,-1.385539515511561,0.0434842997907581
13.6,0.8134144910136198,-0.22036840746800995,-1.5421863148023254,0.01823658414098689,-1.3827442291405756,0.04462502959229567
13.61,0.8294980095783454,-0.22574851672452229,-1.5400188020289485,0.017564827436769504,-1.384316471493769,0.04308505908513538
13.620000000000001,0.8451403523769849,-0.22791155442731267,-1.5360159644762785,0.017153269022382147,-1.3833594064091312,0.04360220905208153
13.63,0.8614390943514846,-0.22933812777533297,-1.5338030781931244,0.017140350374417992,-1.3814291100130363,0.044246809716914845
13.64,0.8779649887019509,-0.2351719154987397,-1.5299958277480317,0.017935294948294246,-1.3802306385556986,0.04397478730876611
13.65,0.8953376473318146,-0.2358487507336013,-1.5285228655436194,0.018707236079139697,-1.3788388783777603,0.04327954761180398
13.66,0.9119644406569234,-0.2417438021674922,-1.5273571833171038,0.019570663733437438,-1.3784634554295416,0.042375228884308246
13.67,0.9295276178198193,-0.24465835378750936,-1.522741591048402,0.01955486164870243,-1.3787300531306057,0.04395802966902163
13.68,0.9458237913708977,-0.24621346128450025,-1.5212219619850416,0.020070851051635776,-1.3761824514837098,0.043046391507303466
13.69,0.9632798365191888,-0.25039053934145605,-1.5195083049129343,0.019589379868638256,-1.374902985874497,0.044413526704522414
13.700000000000001,0.9813377583112731,-0.25476058462335516,-1.5166266192477715,0.022450337578376167,-1.3737621273115743,0.043620454964857974
13.71,1.001201150062409,-0.25892328255742314,-1.5136782798558344,0.021347261576263425,-1.3730633601344615,0.043935481740700055
13.72,1.0194139741881307,-0.2612357849847133,-1.5104523452939573,0.021357391622350046,-1.372721273761131,0.04425617234274208
13.73,1.0382814546386931,-0.26473898695182374,-1.5085224166565372,0.021108577401599618,-1.3708789225555709,0.045371690129093714
13.74,1.0570007828716779,-0.2689215542408892,-1.5044494292140551,0.021356992359596764,-1.3689493189994295,0.04428428545097036
13.75,1.0754408860276625,-0.27239902329991095,-1.5022244827611064,0.023866590128422446,-1.369119914285691,0.044291453772757984
13.76,1.0958885329737977,-0.27663065245154533,-1.4986839752699832,0.023338317099925707,-1.369139142431036,0.044411180230229906
13.77,1.1149089471510205,-0.2796397385976631,-1.495880576419987,0.023705738937625825,-1.3654435449051538,0.04319649211836061
13.780000000000001,1.1344022600695487,-0.28297715508123383,-1.4925219211634067,0.024264937783088334,-1.3630238480159902,0.04479722949894488
13.790000000000001,1.155623244262167,-0.28766795219044805,-1.4908104328460678,0.02397776923700785,-1.363610697153664,0.04465213777982598
13.8,1.1750996472065076,-0.2914620267641391,-1.487246044322543,0.024486564945175954,-1.3623944319022374,0.045066921086669896
13.81,1.1941493600879578,-0.2945171284594372,-1.4844382813769381,0.02544746422846649,-1.3619787474279108,0.04573609316091603
13.82,1.2151028932948216,-0.29896488236290697,-1.480267508543126,0.02467343748922061,-1.3606497539339655,0.044173770997883846
13.83,1.2356122738163615,-0.3034722495162668,-1.476729929754154,0.025314605568906925,-1.3588576886012633,0.044717945741049335
13.84,1.2555792017836611,-0.3066311079718663,-1.4758155937477353,0.026788698953917615,-1.358551706683642,0.044487971230573665
13.85,1.276543119265573,-0.31099935085346764,-1.4706343301035434,0.02594268103726511,-1.357387887083851,0.04491490625972072
13.86,1.2990939571191058,-0.31727711624337546,-1.4665263232556174,0.02751694859694018,-1.3549910900325,0.04443064797615822
13.870000000000001,1.3181794418521788,-0.3186340138553824,-1.4656020757147021,0.027941517876631926,-1.3545242279819478,0.044801591431425446
13.88,1.3403573897661103,-0.32256000896038134,-1.462952826308411,0.02983980671791433,-1.3511076170420082,0.04605681557759686
13.89,1.3634855975267592,-0.3274995987857219,-1.4576890908195674,0.028211595587967795,-1.353137389678329,0.04598214689200725
13.9,1.3847917021777534,-0.3315830040306614,-1.4565532715242016,0.02820117059331394,-1.3520863245182224,0.04553360575378695
13.91,1.4039283298624037,-0.33545190767717403,-1.452984310822112,0.027886584433082545,-1.3489992554935113,0.04445623905914984
13.92,1.427658053760761,-0.3409700455519872,-1.4496611176634546,0.027468421149912256,-1.3498189561580218,0.046355560326444833
13.93,1.4504136688316047,-0.3439579936856829,-1.44646087167802,0.029713356404086025,-1.3458517354076949,0.04437638494984869
13.94,1.4705326098476246,-0.3482368700857021,-1.4429708564447006,0.029937571070216554,-1.3450557611777936,0.04401182066745839
13.950000000000001,1.492501696251703,-0.3528341913858259,-1.4390879732169277,0.03202847469668399,-1.3441530256447278,0.045706133589430466
13.96,1.5123696154361275,-0.3570384765157019,-1.435893033868644,0.03292399177423862,-1.3444085295416301,0.04485870897621411
13.97,1.5370656371805906,-0.3615251579862276,-1.4328157444399194,0.031960576982512826,-1.3412269348628028,0.04634833836222358
13.98,1.5580730538271779,-0.3638985512924871,-1.4296530342693878,0.031450872141649884,-1.3402731552298752,0.0440097627300142
13.99,1.5800084045097085,-0.369614523670503,-1.4266313392282386,0.03295862749117913,-1.3397614302417598,0.0457330176512057
14.0,1.6010825718817718,-0.3724884975351199,-1.4230927281918209,0.033501445212830765,-1.3372933022682483,0.045749176850403646
14.01,1.6235094858073453,-0.37917380658917205,-1.4185745687442783,0.033300016278620045,-1.3354476673075097,0.04574172605866137
14.02,1.6446434849181724,-0.38274105786036106,-1.4155892270745989,0.03353826282646545,-1.3340066367090018,0.0450232193433641
14.030000000000001,1.6680986571613712,-0.38579049870274024,-1.4126186868707917,0.03390253355194199,-1.3333092196922727,0.04625901451250016
14.040000000000001,1.6890192289689647,-0.3899084555004438,-1.409542346452598,0.03476316841396021,-1.330697891706437,0.04630603936872669
14.05,1.7109618048694417,-0.39439019239418305,-1.4069133754022765,0.034928314328786195,-1.33062374909896,0.0460388475111032
14.06,1.7333285833958727,-0.399742272807475,-1.4021729479820266,0.0354257694841876,-1.3304495805156848,0.04650189929943935
14.07,1.755681565469229,-0.402730924773413,-1.3991395154403496,0.03659592355269267,-1.3270678863039005,0.04601008559599743
14.08,1.7749147776273688,-0.405382260598178,-1.3955698029675006,0.03590332420516915,-1.3278857633012462,0.045854191403921926
14.09,1.797429691425358,-0.41100980989662667,-1.3926032056645765,0.036274068140340274,-1.3266667284121665,0.04578915615407705
14.1,1.818727914286762,-0.4153168518757839,-1.3911881769002041,0.03696720186956337,-1.3237790115878996,0.04601990874016511
14.11,1.8399394957515247,-0.42059368656461144,-1.386779148721332,0.038094068060117434,-1.3227647281144752,0.04508270002873591
14.120000000000001,1.8622261991622773,-0.4223746169107845,-1.383405207529774,0.036594631852190834,-1.3216620786023887,0.04735167254135755
14.13,1.8820779963497516,-0.42775124040848733,-1.3805886588105887,0.03851682573863593,-1.3203971949896196,0.0466009503411886
14.14,1.9043985762008395,-0.43073248668988456,-1.377317576835171,0.038538749354191604,-1.3198847060211971,0.04405838178096856
14.15,1.9255680730889455,-0.43410139702833767,-1.3736568671652365,0.039852408902270924,-1.3184024039810656,0.04546860431826679
14.16,1.947060964882238,-0.43816291533997365,-1.3696194496999048,0.04036212307003783,-1.3167602268547027,0.045902344853243626
14.17,1.9662817801492147,-0.44517524576072376,-1.3687829715099082,0.040106519106503855,-1.3158028385932552,0.04447426039306491
14.18,1.9874996969728196,-0.448157132281766,-1.365726642773548,0.040140847409845214,-1.3145939101713928,0.04525547238439185
14.19,2.008781200691936,-0.45347819703604836,-1.3633625165560628,0.04086461449731672,-1.3130048874871603,0.04618305936829264
14.200000000000001,2.0277819128849774,-0.4565260636340652,-1.358586544530202,0.04087113038166806,-1.3105197788527612,0.045583810348205946
14.21,2.0483172723462997,-0.4574398088879664,-1.3557260070197659,0.04213327548393037,-1.310103989009721,0.04654115483982282
14.22,2.0685517809867626,-0.46327195241788305,-1.3524708336585847,0.04153331968903055,-1.309189133808605,0.04770903230951684
14.23,2.0891076371889774,-0.4669816259094366,-1.3488414783987344,0.0416619303733037,-1.3085167427105944,0.0468013485167876
14.24,2.108909936012595,-0.47168849599944557,-1.3470689917423795,0.04470478260492429,-1.3070330433945525,0.04760052255060403
14.25,2.127155419407165,-0.47453170037912157,-1.3440020342064596,0.04400059239137585,-1.3047716890482046,0.045140918583896635
14.26,2.1458246535807435,-0.4776391375620888,-1.3409678493198407,0.04312038375353002,-1.3039274208842853,0.04704149323655581
14.27,2.1646846628469203,-0.481902587262894,-1.339060696503098,0.043138239084953865,-1.3035646327965629,0.04613999469396338
14.280000000000001,2.1829586998664667,-0.48632065867500485,-1.3361198294651775,0.04468128723503954,-1.3042678016382383,0.04526346365177861
14.290000000000001,2.2006759514715792,-0.4888945486947547,-1.3339818964453525,0.04467193783566389,-1.3000112394759549,0.047639815767380474
14.3,2.2189921173465574,-0.4925193019965989,-1.3305250755789777,0.04395858582513318,-1.3004462506528098,0.04728417486808067
14.31,2.2391184657755283,-0.49687718487108495,-1.3263360805845257,0.04339267528965864,-1.2999238759000526,0.0455256971639223
14.32,2.2564449904517248,-0.49985617596728926,-1.3244010321406032,0.045544314571405536,-1.2981815506948629,0.04674797959979009
14.33,2.2740366631792344,-0.503304876665574,-1.3212910789756684,0.04675892023790234,-1.2976357164029855,0.046256283625453073
14.34,2.2921922453902046,-0.5073469663896718,-1.3174696248915683,0.04520554642091664,-1.2964167157998496,0.04550995784138995
14.35,2.310095985275683,-0.5101009904990446,-1.3169240784406242,0.04638169810163079,-1.2950125320985142,0.0460830947005067
14.36,2.3248098508804245,-0.5159667895400409,-1.3139200987418935,0.04704659441507992,-1.2931864066627539,0.04754216089419774
14.370000000000001,2.3412265064501203,-0.5153469959705782,-1.3124555485286937,0.04802115939431634,-1.2936055372845998,0.04539552813866825
14.38,2.357412928738987,-0.5179555302294071,-1.3089026510918853,0.048972482272402966,-1.2927893561717338,0.047372873361731085
14.39,2.372905350647184,-0.5220445084997234,-1.3064807300113337,0.048553286393857024,-1.2909642372754548,0.045841957582430086
14.4,2.3898524047371117,-0.5237376125457577,-1.3048320845951387,0.04667831788639112,-1.2898117694756295,0.04622605458528689
14.41,2.4042849874650702,-0.527714287464252,-1.3024179824418662,0.04834334377895688,-1.2894169885653006,0.04782518332142831
14.42,2.4194418693783866,-0.5321712440774964,-1.3008053464465832,0.048991744484812666,-1.2894152578337537,0.04520619394640926
14.43,2.434683262834527,-0.5333304282584002,-1.2978706387735195,0.04941288984091789,-1.2873836792795206,0.0471217061280364
14.44,2.449062197946662,-0.5389774010348418,-1.295593083944857,0.049888980818278805,-1.2870426506415873,0.04665347191528978
14.450000000000001,2.4632843520374985,-0.5393485319272155,-1.2919478973293967,0.05069485190549151,-1.28594317973635,0.046474375577338044
14.46,2.4739220842188443,-0.5423592002498567,-1.292372652653431,0.050172653859429504,-1.2848804146454746,0.047279211287441086
14.47,2.491090613571854,-0.5446910684861349,-1.2871773622277785,0.0504444830501022,-1.2853503577714351,0.046205650301624754
14.48,2.502687863057625,-0.546683443090856,-1.2880179940783096,0.05023738662287197,-1.2835599079829714,0.04632870263546573
14.49,2.516538794664254,-0.5491101514881962,-1.2842459918769031,0.05045803179343312,-1.2816017726227102,0.045552479293963374
14.5,2.527110281133236,-0.5531358042944275,-1.2833777034691944,0.0520393119119105,-1.2824280071560985,0.04634924090304139
14.51,2.5402958345231514,-0.5539200949046382,-1.281973703724347,0.050761280244678623,-1.2823476813355958,0.046288166073856184
14.52,2.5533435839428122,-0.5566203231390578,-1.280423432661078,0.052535810682440155,-1.2809751846553439,0.04804749007222165
14.530000000000001,2.5650400896166072,-0.5588664060734034,-1.2793564149292889,0.053678862040676616,-1.2794373454120278,0.04654636102078062
14.540000000000001,2.5758146780110724,-0.5604536578287073,-1.2752258034888913,0.0513202101758116,-1.2788282268959312,0.04581419924468213
14.55,2.5863915656124994,-0.5631731976592792,-1.2744961348916746,0.05198129869290185,-1.2786761123601702,0.046110849636780624
14.56,2.5969933782297554,-0.5638750138322507,-1.2736492581740326,0.052796318264144895,-1.2774510211047436,0.04689444480087215
14.57,2.6051279837636048,-0.5682678178869708,-1.2723177832966466,0.050644321341526057,-1.2759907161299626,0.04722650822545882
14.58,2.616253339194345,-0.5709352462278271,-1.2717513687534636,0.052700038621053526,-1.2749113754262997,0.04631358701958333
14.59,2.6265152189963565,-0.5712696410601641,-1.2686857582568554,0.05394665360678336,-1.2763645691695167,0.04633807527206213
14.6,2.6361437080097523,-0.5725730753010765,-1.2664066239177376,0.052466647530739464,-1.2742870371775374,0.047195520843194366
14.61,2.6440938386540487,-0.5741950960181164,-1.2664755185773369,0.053234618002599404,-1.2753729202488158,0.047809923739588714
14.620000000000001,2.652009693219804,-0.5772483586864848,-1.2662259932396853,0.05189415247170277,-1.2739396228469222,0.045982907381301175
14.63,2.6605867009210296,-0.5773912123554077,-1.2635932046230665,0.053941979076091766,-1.2738530252966178,0.04463772071022391
14.64,2.6678473038461505,-0.578643241236182,-1.2609317135056233,0.055183027898835,-1.2747129716791958,0.04671123627111347
14.65,2.6742367200955774,-0.5791278668874954,-1.2603554430030366,0.05416273264912173,-1.2729305305169714,0.04823468518454528
14.66,2.683805161454128,-0.5808202399622248,-1.2597664697572626,0.053691094545516876,-1.2719778296597943,0.04775482509440747
14.67,2.689399877863707,-0.5834510445350013,-1.2581507633786617,0.05558078043108464,-1.2728926089859254,0.04682510496920006
14.68,2.6963670031673526,-0.5839712232493788,-1.2586190497219212,0.05589865890163709,-1.271481052651518,0.04753033277189405
14.69,2.703769760945835,-0.5859773414375488,-1.2573119856983788,0.05328142208287254,-1.2716297711230053,0.04577837196292181
14.700000000000001,2.7087447026769795,-0.5863474951931802,-1.256595862645702,0.054401523470075895,-1.2704638188830797,0.046097061057625184
14.71,2.713814571530023,-0.5871718329055606,-1.2570757137872506,0.05519479777114911,-1.2722569295544899,0.04699557114012163
14.72,2.717856861547816,-0.587542069141414,-1.2557428820935554,0.05325892425990372,-1.2703658695486681,0.04674657480718621
14.73,2.722490875162046,-0.589282443778771,-1.2557294330043907,0.05389068992449596,-1.2706886362584615,0.04781653086676537
14.74,2.729567305747913,-0.5896715958822599,-1.2534286385837285,0.05276693148447604,-1.2695679148689984,0.0484081014537817
14.75,2.7338529547760437,-0.5910660691349312,-1.2536804014869174,0.05451120596287929,-1.267961348258705,0.04589625081689944
14.76,2.7358264607940144,-0.5914282364034397,-1.2524093504899132,0.05401721419466111,-1.2680726713807051,0.047542207866091785
14.77,2.7402654522309944,-0.5939771298745125,-1.2496794323194569,0.05510054230917919,-1.2679607009090503,0.04792647751034887
14.780000000000001,2.7436398081829503,-0.5940984251040311,-1.2496783360814205,0.056466210273785185,-1.2706085065103896,0.047632689767310644
14.790000000000001,2.7472166230959405,-0.5951745073610749,-1.250226676424988,0.054075009299043755,-1.2691841814969835,0.04646191603504498
14.8,2.749853993843389,-0.5949069527529384,-1.2508950891011872,0.0566833776888583,-1.2681687851716195,0.04873009967399137
14.81,2.7528657631694866,-0.5958466623536443,-1.2480660366400902,0.054858919717902,-1.2685921074298105,0.04779728655076061
14.82,2.7543965057449733,-0.5952231660481605,-1.2487198933597794,0.056519167091234175,-1.2675117028906,0.048307811749638316
14.83,2.757615983096183,-0.5970274796011688,-1.2470514696924875,0.054122695477728425,-1.2693992868008748,0.0476705508257474
14.84,2.7611398181959066,-0.5964964082176234,-1.2477185721818416,0.05375243419286663,-1.2684699242556705,0.045545665942381124
14.85,2.762195450505735,-0.5983574401875736,-1.2494361774909124,0.05597756537300635,-1.2669999323337375,0.04704548896388042
14.86,2.7635979151891266,-0.5968434889268089,-1.248270592271026,0.05460455224309992,-1.2673385380331024,0.0477220911980507
14.870000000000001,2.765270190014164,-0.5973082229238597,-1.24889334504759,0.056189347355953906,-1.267749417096723,0.046768293208745995
14.88,2.7654371888607687,-0.5984149553961816,-1.2469168858345563,0.05437281435159929,-1.2685430142422915,0.04690481641803996
14.89,2.7681328799301,-0.5970910752057346,-1.2489695266073213,0.05680968008172664,-1.2664366931084412,0.04616906051986264
14.9,2.765392379561321,-0.5982414057550541,-1.2464275808601486,0.05703594334423917,-1.2683221934614621,0.04872402606512555
14.91,2.7663668204063865,-0.5986379629049602,-1.2476631579921167,0.0566668901842626,-1.266386221140034,0.04802914366865268
14.92,2.7677136863653815,-0.5976759855194773,-1.2467674554424606,0.0542141721150164,-1.2692881800872824,0.04810328723508504
14.93,2.7691924689750613,-0.5996384202374359,-1.2473245686266312,0.05599918748698793,-1.2675292597089174,0.04584392904995319
14.94,2.7713423678279687,-0.5977074531933542,-1.247383357562132,0.055430742523573336,-1.2671224332787219,0.046213135784807874
14.950000000000001,2.7702298982180613,-0.5997935207961909,-1.2471144356163535,0.05467338354967339,-1.2683967902758173,0.04863553202238946
14.96,2.7701702417009635,-0.5984840440093077,-1.248782543203009,0.05517548601008055,-1.2670083909488457,0.04736908985127556
14.97,2.7683431248358734,-0.5985043770377959,-1.2466917149050036,0.05681879240328059,-1.2679764196442431,0.045243287359121614
14.98,2.76940712666211,-0.5996529331415985,-1.2463605627086036,0.05332875187885516,-1.2677926448916028,0.048444199901177744
14.99,2.7703033939323505,-0.5979172572348913,-1.2484331754149893,0.054301943971315776,-1.2661459431622468,0.04728832185859997
15.0,2.7703901238826725,-0.5996757724195477,-1.2469120513501983,0.054699980820508386,-1.2663642601435987,0.04958048136621069
15.01,2.770722318238602,-0.5992540952499971,-1.2492110339993858,0.05423002775347726,-1.2660431270817496,0.04630186068501251
15.02,2.7699763855166664,-0.5981281202034876,-1.2457064581266206,0.055525827554088636,-1.2677531384624707,0.047262501138058806
15.030000000000001,2.769752282679481,-0.5992007517204316,-1.2466405667912768,0.05586169735311148,-1.2655398234523785,0.047582967838438454
15.040000000000001,2.771304563999196,-0.5996348726780814,-1.2465417138099062,0.05506907975356546,-1.267054901925886,0.04780084233425747
15.05,2.7703435187761,-0.5965992119996159,-1.2457538525688596,0.05672734035808021,-1.2667330344757808,0.048738822608502444
15.06,2.769046007725455,-0.5975042023953285,-1.247865023846803,0.05520752121372406,-1.2669100926727654,0.048276187614507575
15.07,2.7692933144801546,-0.5991472797839854,-1.246914887210428,0.05553736498021363,-1.2666547164306927,0.05019841248795646
15.08,2.7706659263492788,-0.5993415799247434,-1.2481314169574593,0.0554161624151467,-1.2682205228151353,0.04760801416434928
15.09,2.7706944632917345,-0.5991041905079756,-1.2452677999752753,0.055058201140214896,-1.2675042232682,0.04775777464878009
15.1,2.7710784647502407,-0.5975851041626448,-1.2466260662804183,0.05661709433898883,-1.2679804163741906,0.04800117765056391
15.11,2.77108952512545,-0.5973797573158002,-1.2484559850711585,0.05490833338571305,-1.2666816739938243,0.04488624800778213
15.120000000000001,2.7707293563836375,-0.5977751461678872,-1.2475029822898378,0.05532458840444462,-1.2683373616663989,0.046744864277819695
15.13,2.769870152892458,-0.5992958914253969,-1.2476437456511227,0.05546350371075193,-1.2676470551217403,0.048835488613461604
15.14,2.7699560085695083,-0.5983996722803001,-1.2475034253581843,0.055185480622785804,-1.2688873438778712,0.045828724261049364
15.15,2.7692466952977077,-0.5985396942703972,-1.2460608613196031,0.05414084106885432,-1.267879159901493,0.046007162830345776
15.16,2.7700693747284886,-0.5977612140171149,-1.247389978463864,0.05565853361922683,-1.266130073655722,0.04759959394426544
15.17,2.7696366947249205,-0.598561320251521,-1.2477221727485297,0.0560669397783828,-1.2669502808771849,0.04600692809128612
15.18,2.7704528467008167,-0.5988026020232163,-1.246524679302908,0.05642548716335146,-1.2669833466197842,0.046935413885668034
15.19,2.7711144840935895,-0.5994618910011609,-1.248152372831465,0.05291158634046403,-1.267461209527415,0.04648306548364016
15.200000000000001,2.7706471062611033,-0.600420220416579,-1.2475647698280743,0.056110387911518955,-1.268298701575492,0.047557143887465056
15.21,2.7698139060854032,-0.5987286306513838,-1.2464806266609212,0.05653147225782813,-1.2673192851444675,0.046489642010461796
15.22,2.7699002856874695,-0.5981441515862949,-1.2478912118764782,0.05554460758004039,-1.2677367474023749,0.04710979982801756
15.23,2.7694192348390874,-0.6003161263254908,-1.2465455663398028,0.056541363388090835,-1.2689639676890068,0.04752194881024525
15.24,2.77124525541327,-0.5981799695092496,-1.2473636133256387,0.05487664409336177,-1.2673293332946702,0.0474162332557063
15.25,2.7703836078258908,-0.5988571971196207,-1.2479447918619169,0.05606886511964842,-1.2669891019387336,0.04737525036500796
15.26,2.7703968602277644,-0.5972345783738201,-1.2475448732785204,0.05681826308006165,-1.2680405571889064,0.04816774193699836
15.27,2.7713763162318084,-0.5989557354188147,-1.245550536297633,0.05610931102668652,-1.2681655646267456,0.04687348677549297
15.280000000000001,2.7712885215942022,-0.5978944740871657,-1.2479233144311597,0.05557847506973991,-1.2672223926923536,0.04675703143111989
15.290000000000001,2.772357568413775,-0.5984960899167521,-1.2470539413124566,0.05673921358115582,-1.2677187089327893,0.04807914643903858
15.3,2.7688446289327455,-0.599095887838599,-1.2460845133557021,0.057070256006579986,-1.2680748278141756,0.04642348413462507
15.31,2.770795190426933,-0.599243699640892,-1.2472343784481492,0.05646480766313429,-1.2678748187268225,0.045484842471610915
15.32,2.7691645896376116,-0.5986913121125108,-1.2486261434649366,0.055440678615578075,-1.2686148333857001,0.048631116760084525
15.33,2.772189443352692,-0.5996234511785467,-1.2467759357825132,0.054861889636410685,-1.2676699287841822,0.04877382388657791
15.34,2.7698927374130413,-0.5989496147750043,-1.2478225119504767,0.05670023892458183,-1.270247737416487,0.046813586441013064
15.35,2.770259956828823,-0.5992768988008096,-1.2462464143824643,0.05674896669020448,-1.2686322369334002,0.04902691174774296
15.36,2.769057972370349,-0.5975754575881269,-1.2468692506674934,0.05526043787047281,-1.2677572400385813,0.04717075457307229
15.370000000000001,2.770481878895475,-0.5995029861528993,-1.2472041511256733,0.05502746108921371,-1.268460330741112,0.046486760988851475
15.38,2.7692964578172528,-0.5990666543297963,-1.2466225944483664,0.0558053396560827,-1.265677059153886,0.0452710158474978
15.39,2.7707095772587467,-0.5986943972849493,-1.246288193345737,0.05632523383955952,-1.2675439824639245,0.04735066666892745
15.4,2.7696506771185927,-0.5981644631903347,-1.2486396286673207,0.05637790895354861,-1.2674202226450475,0.04677495818891871
15.41,2.770097076502473,-0.5988389249225172,-1.2458678888990558,0.058521755538302966,-1.2663354618834781,0.04670666018448996
15.42,2.77084958832015,-0.5981124094551294,-1.2478073550358417,0.05459974505283342,-1.267455223028166,0.04790485785302651
15.43,2.768893431940975,-0.5993291020680588,-1.2465002671105474,0.05573641072137002,-1.2661640681105704,0.045968349548543896
15.44,2.7723526511319325,-0.6000421516005541,-1.2487707793977785,0.05564858890131353,-1.268390002176327,0.047166179302931
15.450000000000001,2.7702356611607515,-0.5988708452295887,-1.247735142308348,0.056077563719576326,-1.2676769288745733,0.048163129291663415
15.46,2.7701425955157073,-0.599541813682495,-1.248472805297516,0.05554980618737452,-1.2685075899325822,0.04602193604356448
15.47,2.7707602933354165,-0.6002513097790715,-1.2457676287936617,0.055839378838854155,-1.2674382599132061,0.04629699636749482
15.48,2.770967040664111,-0.5987025350327914,-1.2475987322701354,0.055874379944168454,-1.2688685073401045,0.04577290786036366
15.49,2.7693224532288236,-0.5983949799177356,-1.2470028434221805,0.056615407098454994,-1.268202842600264,0.04770149229608625
15.5,2.770200629196982,-0.599522962182167,-1.2466637556256437,0.055642393786413044,-1.2679490100662667,0.04723665111767482
15.51,2.7701869634142007,-0.5988341181408331,-1.247360055446856,0.054561217571360836,-1.2673347548663008,0.046499499561273853
15.52,2.7694095950903237,-0.5989100502394313,-1.246359441000358,0.05586197834226917,-1.2678635090166077,0.04670140650609579
15.530000000000001,2.7708548517426523,-0.6007915465238587,-1.2463041677799171,0.05406461272465763,-1.2686351764129502,0.046751218400697556
15.540000000000001,2.7721937905735583,-0.5972361754615527,-1.2463834731268157,0.05601114192120734,-1.2690251432337938,0.047336797303582284
15.55,2.7698207138089166,-0.5994126784385893,-1.2468649088193842,0.055288878959802674,-1.2666413930368376,0.045510560756773864
15.56,2.770365459814827,-0.599467157049773,-1.2473574746974359,0.05596583670042371,-1.2683750350480485,0.04734331957842983
15.57,2.7701146999595663,-0.5992764707896382,-1.2474106519625094,0.055565128031680205,-1.268070063763063,0.04720619109765667
15.58,2.770057245102493,-0.5992334446465881,-1.2456126009215567,0.05606236519172133,-1.2677339794273466,0.04732728723831343
15.59,2.7694039303893763,-0.5990811551308757,-1.247279320268577,0.05461196705891295,-1.2670619698245786,0.046758769679974964
15.6,2.7699897968135976,-0.5991963017031591,-1.2444177063164248,0.05512175919779334,-1.2692052612002718,0.0458037959649423
15.610000000000001,2.7709626165392534,-0.5975337250116495,-1.2475949802910153,0.05681609413512163,-1.2667528406401443,0.04703464739235913
15.620000000000001,2.770072717741181,-0.598542160951511,-1.2462342753431315,0.056046704913495685,-1.267990626663561,0.04704797567246071
15.63,2.772028978531717,-0.5984807746055372,-1.2462413704514799,0.056171138530479336,-1.267161450366571,0.04729485768492795
15.64,2.771083121054423,-0.5980728663424969,-1.246769709496708,0.0550945779851119,-1.2670635364691563,0.04714152454418324
15.65,2.770030995970415,-0.596362326965676,-1.2483430756338314,0.05653646026566287,-1.268152822416926,0.04731448966264037
15.66,2.772541515466688,-0.5995398253789395,-1.2476316980595945,0.055684716381118785,-1.26813933626947,0.04797148470485373
15.67,2.7698335350695937,-0.5981292689219806,-1.2481599363365818,0.05412324206293269,-1.2675998270910172,0.0458312186941453
15.68,2.7716249395729218,-0.600035005390882,-1.2479055524651985,0.05606095144266269,-1.2679116990771793,0.04587495653015689
15.69,2.772080204560797,-0.5995740903882204,-1.247171267246178,0.055517445087680264,-1.2667801383295567,0.04760347863717038
15.700000000000001,2.7695784799816345,-0.5989843378868499,-1.2471980271805971,0.05635359046038247,-1.2684195532068745,0.04896113369423221
15.71,2.7696374875131196,-0.5987076352890484,-1.2480122817505506,0.05456714255162179,-1.268163082740569,0.04635305871923546
15.72,2.7699384925489494,-0.5995543081506904,-1.24639301600641,0.05501671765183019,-1.2681800011633038,0.04685706997316657
15.73,2.771166415368753,-0.5985124851643205,-1.2470869955263153,0.05444943252177809,-1.268397201250751,0.04608437686780426
15.74,2.77144044283434,-0.5982369963305845,-1.247751905739172,0.05520749283051748,-1.2681202015429853,0.04642694025292173
15.75,2.7707016884272524,-0.5989509226885714,-1.2451838385287854,0.05679114478862401,-1.266257262828436,0.047785869483453695
15.76,2.769931160380312,-0.5981783290413275,-1.2473044139529066,0.057122684240081004,-1.2670471996833925,0.047428952604216784
15.77,2.7704108918174337,-0.5971813310490317,-1.2482511831988512,0.05730420875960767,-1.26756244984276,0.04597290352992354
15.780000000000001,2.7696435731758644,-0.6001406011025181,-1.246429576880583,0.05479391847081036,-1.2672528096941538,0.04818979108042929
15.790000000000001,2.7697135545983693,-0.5989339646090016,-1.2481374019351796,0.055361094488763765,-1.265153740635743,0.04787887475370923
15.8,2.7700689791280064,-0.5992337985113214,-1.2470372046562757,0.05581349069102371,-1.2677657073092532,0.04766256390983397
15.81,2.769467960102679,-0.5995363510219505,-1.2466769435199276,0.054680167681201056,-1.2667638124316853,0.04718753781472362
15.82,2.7687048482852914,-0.5986044439865453,-1.2484705678488974,0.0563050724988368,-1.2676170441971157,0.04881537571548718
15.83,2.7712348968226608,-0.5996256288292487,-1.2487634281975168,0.055041049844152166,-1.268465749181885,0.048793257044753374
15.84,2.770290998761717,-0.5978854384283487,-1.2472487363946987,0.05554321053853572,-1.2674284724483953,0.04816563772061063
15.85,2.7705719439008623,-0.5996226978430718,-1.2455840893065118,0.055444470272090936,-1.267797516298537,0.04473079081365585
15.860000000000001,2.770853618081954,-0.5986118498425885,-1.246912798414254,0.055348469159042644,-1.2679019722613265,0.04687748023504415
15.870000000000001,2.770704184108379,-0.5981422645276278,-1.2472016130946626,0.05652810418357262,-1.2674689179741412,0.04675997944141023
15.88,2.7704731502534687,-0.5998862884404805,-1.2467969149638447,0.054354192229661306,-1.2682968609631615,0.045438359418553946
15.89,2.770147181629991,-0.597295329607182,-1.2471021686606558,0.05626163419444025,-1.265347218872574,0.04755260524558169
15.9,2.7696322265173015,-0.599247656919994,-1.2469994256049675,0.05514769523109777,-1.2678870227829662,0.048059796234236174
15.91,2.771195490286975,-0.6001371848119046,-1.2477139875963408,0.05529507978523318,-1.2668771962688556,0.048197521630929774
15.92,2.7726579118368195,-0.5991063766129374,-1.2473627917430177,0.056213624232569634,-1.267995346397896,0.04707698756986251
15.93,2.769937810924024,-0.6009878246392525,-1.2468924587192995,0.055540860041653546,-1.2662906416309716,0.04720479128443928
15.94,2.7692050262611163,-0.598925233756459,-1.248824814027235,0.05464327484023221,-1.266845416421983,0.04698415474747386
15.950000000000001,2.771105040307801,-0.6004164372904892,-1.2472115874846144,0.055285037063437445,-1.266565864754144,0.04778709626946694
15.96,2.770860470732353,-0.597354865985607,-1.24732121659956,0.056865077817813685,-1.2683112417701214,0.04625675622275206
15.97,2.7709568953052877,-0.6000131340137063,-1.246500167697092,0.0557884124403074,-1.2664646320394244,0.04714812535455485
15.98,2.7703489119327567,-0.5982555824554158,-1.2475782708217702,0.05508371873679721,-1.266985982210317,0.04717444156499873
15.99,2.7699445515526926,-0.5987722427554012,-1.245608484323462,0.05531339350777247,-1.2678119148192881,0.045709973824273886
16.0,2.7702630400890635,-0.5981267609963397,-1.2462702794841198,0.05579443767285322,-1.266565877852432,0.04783811890517458
16.01,2.771268332167118,-0.5978404751053447,-1.2456303716509487,0.05555185832697356,-1.2685582504244035,0.047779198658521795
16.02,2.770958134394472,-0.5973254838469778,-1.2458853257164395,0.057397296790784834,-1.2668604554271454,0.04739963353711831
16.03,2.7690142446867263,-0.5984162740233022,-1.2474937479414958,0.05588307602601982,-1.2673570508955503,0.047611526636122954
16.04,2.770033620290843,-0.5978490812672745,-1.2494036835887778,0.05586226899860698,-1.2663615041565306,0.0488315991815885
16.05,2.7705870666738566,-0.597161899859124,-1.2469054584328343,0.055695652629297654,-1.2669590756312525,0.04719658057559679
16.06,2.7690141733306968,-0.5990334306266241,-1.2480612220235328,0.056149357190976044,-1.267426203979785,0.04688450746830732
16.07,2.7688551103954713,-0.5980761424799212,-1.2464618348286798,0.054694942139145865,-1.2685806753222029,0.048031259539256334
16.080000000000002,2.767692233485298,-0.5979509902411638,-1.245800658900398,0.05708564817890466,-1.2668404549291026,0.04781602369011181
16.09,2.770276218170136,-0.6003539226717836,-1.2477042823186073,0.05640173524752045,-1.2678135422164565,0.048278337113266206
16.1,2.767558424103678,-0.598063412293391,-1.2476467798006452,0.05519132848205234,-1.2680396968238696,0.0474317731100121
16.11,2.76604868120346,-0.5971792803636544,-1.2469675757242493,0.0565898291172022,-1.26859945674831,0.045710502991516404
16.12,2.765690654372567,-0.5952829116204876,-1.2465875727486297,0.05512650723475147,-1.2673055774875355,0.047826664240944776
16.13,2.763295862530492,-0.5963853282063579,-1.248019741620631,0.05550777795187705,-1.2677274558459326,0.04818836079265912
16.14,2.7624413250584334,-0.5988024099771335,-1.2478007652114076,0.053776434874463645,-1.2680942612376556,0.0482228074846253
16.15,2.7620197682334733,-0.5960975988743731,-1.2477797114934455,0.05763240740494787,-1.2684398847994316,0.04753165023960784
16.16,2.7593394181167676,-0.5958268559133162,-1.2486443633873796,0.05699407575746718,-1.2684972133452743,0.048408943447935504
16.17,2.758229956269276,-0.5963029853568492,-1.2484194090848346,0.05568298492508891,-1.2678437902405058,0.0469968545080047
16.18,2.754864373802011,-0.5961362924718246,-1.2506977807917803,0.05614621031401852,-1.2693662971497637,0.04698343374046335
16.19,2.753570985279583,-0.5946352409442537,-1.2511492197133949,0.055283219438388265,-1.2680353153529247,0.047214319265113984
16.2,2.7514630706702508,-0.5955617378109559,-1.2517969657115302,0.05601766285035908,-1.2690679520577053,0.045629431827106784
16.21,2.7471840748121403,-0.5931988983737208,-1.2515574888561043,0.05729129571337915,-1.269508312037703,0.04723464711089459
16.22,2.7430304868139785,-0.5936144876583777,-1.2510572009237528,0.05389009449349719,-1.2665045890970679,0.0467206527561358
16.23,2.7401671366186693,-0.592131609372631,-1.2498828955435313,0.056104882154567014,-1.270228327082897,0.047333305953131836
16.240000000000002,2.7351863340163773,-0.5914638816727679,-1.2534600639141458,0.0543475647037321,-1.2694088716172383,0.0475282021076044
16.25,2.732548561115715,-0.5901444177707605,-1.2520112189024533,0.055532251289110934,-1.2707217743560655,0.048615558817149296
16.26,2.7277359897861366,-0.589117663122243,-1.251530183875655,0.05533253474718022,-1.2690083971506696,0.04443442874963271
16.27,2.723633719211208,-0.5887794831369377,-1.2531847348123557,0.05373057135461518,-1.2704429844557066,0.04490306330796028
16.28,2.7192325160529687,-0.5904345814771264,-1.253746575457726,0.05573110875303549,-1.2708962043841197,0.047562497828411036
16.29,2.713446947077494,-0.5875711654701339,-1.256521558961572,0.055140303894817534,-1.2722282387562178,0.045501276365681145
16.3,2.707985678471137,-0.5868983560375963,-1.2561164459746499,0.05392235747645055,-1.2694827472752315,0.047228384417990085
16.31,2.7024380727168213,-0.5854133422144437,-1.2563596103623023,0.05487782207869458,-1.2710936335774627,0.04771997363734614
16.32,2.6944684796356126,-0.5859551797184723,-1.2582295728549224,0.054082474070299986,-1.2713434207178542,0.04708408131093759
16.330000000000002,2.6900740133852152,-0.5842315089586703,-1.2591491421856957,0.05295827239273845,-1.2719010405624374,0.04541583156316619
16.34,2.6830520387079546,-0.5831127683996407,-1.2604996892545315,0.05477682546805306,-1.2724488458917105,0.04560658472670522
16.35,2.6750166387707464,-0.5817644167575402,-1.262718282579323,0.0539594674935477,-1.2725865230825237,0.04741435846273224
16.36,2.6686556112499433,-0.5790246078819137,-1.2626017082641967,0.05277488635063014,-1.2739074404082371,0.045863335174147375
16.37,2.659587280621053,-0.577432792771503,-1.2636395409266148,0.05623387811021933,-1.2751655994053723,0.04689323677433386
16.38,2.6509444533762174,-0.5762808167826605,-1.2650633154960567,0.054138295234405234,-1.2748713121492101,0.04682082661329107
16.39,2.643338891609049,-0.5755326125581752,-1.2666034751136148,0.05290278387116741,-1.274922262167379,0.04746033535906193
16.4,2.6347014839245944,-0.5728328973050929,-1.268860572771362,0.0535356472206393,-1.2761218774694219,0.04760872402126358
16.41,2.626910223599912,-0.5710148340015433,-1.2696269711605115,0.05287206969114075,-1.2757583695208792,0.04666496226966365
16.42,2.6157872687738695,-0.5685321302798741,-1.26972552221691,0.05239988714823717,-1.2780743973465418,0.04732153419393742
16.43,2.605790570560029,-0.5669449120469913,-1.2715043384052844,0.05086253749867964,-1.277148697622466,0.04735464095830803
16.44,2.596859618116289,-0.5650726049090343,-1.2748888937083702,0.05342772651390114,-1.2774694875234727,0.04583728391483975
16.45,2.5851226262174367,-0.5629513928587496,-1.2741481381097124,0.051683184996386716,-1.27773667647404,0.045304040075114425
16.46,2.574070581898886,-0.5628680300742507,-1.2771529467370706,0.05321426327332501,-1.2773103761601596,0.04705378504886081
16.47,2.563258076872805,-0.5591087027395675,-1.2776356167876435,0.0503169377421293,-1.280274907306117,0.048081186198234795
16.48,2.551403500536008,-0.5573533185838165,-1.2797662741647375,0.05170415979879466,-1.2810099084556634,0.04687550916224567
16.490000000000002,2.5410148730771676,-0.5527082921224984,-1.2816670660217921,0.05119073564851297,-1.279840648851047,0.04630784924517412
16.5,2.5271661589559766,-0.5518581790712505,-1.2824466023117242,0.05130511212570638,-1.2819872011950093,0.04550127271373651
16.51,2.5157797643880766,-0.5485936792952343,-1.2863409840709579,0.05053332355841219,-1.2829893201116518,0.046133929202666644
16.52,2.5032294995534556,-0.5468133147071969,-1.286813649869407,0.04964499230816444,-1.284855765571573,0.04694873891931107
16.53,2.4894302910056885,-0.5430639138988294,-1.28752285592668,0.05197883546149984,-1.2850273798000842,0.04719301880543739
16.54,2.47716951069081,-0.5414124844187309,-1.291500973310724,0.051095876625534956,-1.2850134050036202,0.046783756267964736
16.55,2.461287229864708,-0.5388564889345963,-1.293491057354302,0.050116966941006945,-1.285634537585234,0.04680510041484724
16.56,2.4484945614803024,-0.5360169837484234,-1.2955567754925144,0.048167124841801065,-1.2861879522626345,0.045915888648813345
16.57,2.4329730165910233,-0.5348198413980026,-1.2973021248979888,0.0490723952202299,-1.2894089634222543,0.0462611930698306
16.580000000000002,2.4204359754282043,-0.5314867452221287,-1.2999061511337087,0.049780425189873294,-1.2877354506339445,0.04746120696528777
16.59,2.401979886830656,-0.5266868598834454,-1.3014643407648172,0.05072600477822336,-1.2900123260575516,0.04500368008758567
16.6,2.3890904912918365,-0.525489075691157,-1.3037521905642113,0.04921791194180216,-1.2903236865122931,0.046305006603226326
16.61,2.3739306267379705,-0.5224648338197341,-1.3069665118038905,0.04888109693063955,-1.2900836861724176,0.04743295677746558
16.62,2.3574280772941014,-0.5210449911504702,-1.309189942429853,0.04700508765842382,-1.2922491700532575,0.045872813486576486
16.63,2.341372213697099,-0.5169662292951567,-1.3126118852238187,0.04841852648116331,-1.2939521438039703,0.046429661109244055
16.64,2.325758787835699,-0.512089091987956,-1.3132763441973334,0.04729535610000453,-1.2934609168374551,0.04759803515306189
16.65,2.308557560964282,-0.5112649962332392,-1.3169482443127498,0.0473129349403044,-1.2956432057255642,0.04778352354092264
16.66,2.2911231558328025,-0.5063102325685048,-1.3180630001830231,0.046214612958850966,-1.2959614975871245,0.047123788298529354
16.67,2.272621548788854,-0.5033057025080621,-1.3209180977376036,0.046095238373571816,-1.2958700019646838,0.04493286971922636
16.68,2.2549018379938013,-0.49900749698207647,-1.3235220159921952,0.04552814367986416,-1.2978516946720728,0.04692694217994519
16.69,2.2378849350581804,-0.49686994825304365,-1.3267857714889788,0.04613964663600065,-1.300284296101536,0.04607193627445164
16.7,2.2203549323311402,-0.492414975373916,-1.3296696260723104,0.044523420144002714,-1.2992576502474025,0.045741697696485194
16.71,2.2020467724972774,-0.49064905684252985,-1.333031470705042,0.0450946102226351,-1.3011622161016343,0.04670264639789842
16.72,2.1842832811799378,-0.4838739793690879,-1.3358430328623525,0.04287095877980459,-1.303467492951967,0.04553217925033181
16.73,2.1642267889420674,-0.4820061775110343,-1.336912955672642,0.045263299607860796,-1.3032328952122734,0.047981199618483544
16.740000000000002,2.1458212305499527,-0.4798623358395416,-1.3399357255615787,0.04194646751166375,-1.3054672770408513,0.046532432205143776
16.75,2.1268855576477543,-0.4749131709245194,-1.3447658768076065,0.04316863099819341,-1.3050807127359663,0.046061553712384594
16.76,2.106887629053167,-0.47210447104381364,-1.3473534858851448,0.04314354890091668,-1.3068171976423064,0.0453107648270906
16.77,2.086121866369538,-0.4668803141353112,-1.3503717282809973,0.043021749893160446,-1.308949233107042,0.04511208770708705
16.78,2.0684328233957197,-0.4613836297054548,-1.351904739867042,0.04215484295609503,-1.3091600455111556,0.044410567980178964
16.79,2.0473842584069475,-0.46179121753186714,-1.3540464469041136,0.042980832819052156,-1.3103252015574214,0.046020796668853295
16.8,2.0268982382907685,-0.4559163993177931,-1.3570160030117926,0.04137116209291548,-1.3123660909972574,0.04433254592501135
16.81,2.009177072400825,-0.45187876181006775,-1.3631626195136493,0.040055173143692446,-1.3142036365210543,0.04571534720320327
16.82,1.9877132051498116,-0.44831838913295396,-1.3640250379883945,0.04053265746540961,-1.3133867834006745,0.04548187916692329
16.830000000000002,1.9695968872510983,-0.44440409053311425,-1.3685879585718677,0.03916744419229305,-1.3157321077858894,0.04425601186911472
16.84,1.9464587576600225,-0.44157852242579837,-1.370776844732323,0.038480224968510154,-1.3171236427906665,0.04624689159666902
16.85,1.9273380605899306,-0.4368345833431667,-1.3741879297774258,0.038621510186061615,-1.3188010712140006,0.045057893492185426
16.86,1.9050437224886798,-0.43227301501190457,-1.3752520072791128,0.039207311712867975,-1.3201821342794666,0.04532407871301214
16.87,1.882501713268518,-0.4270789884575888,-1.3818212489206605,0.03726295123695219,-1.3210829333446792,0.04620212062213376
16.88,1.8630423463901225,-0.4224809190516563,-1.3831218909963419,0.03794748751855509,-1.3211459625121291,0.04456921839225543
16.89,1.8390177007605852,-0.41919314540726665,-1.387670525115528,0.037547483709134064,-1.3230139158615888,0.04574616897007915
16.9,1.820011760502234,-0.4147182219170085,-1.389845733776815,0.036801541713084196,-1.3243088846496884,0.04497084113471677
16.91,1.7975011025459127,-0.4090129978373205,-1.3930929600105022,0.037161294838078285,-1.3263083884548925,0.046342648011547166
16.92,1.776736867070816,-0.4064665072956432,-1.3963122360489226,0.03725046906833221,-1.325877491236053,0.04566070899305415
16.93,1.7543045954994094,-0.4021804269765987,-1.400547052716369,0.0352996592362079,-1.328332440611401,0.04385510523369516
16.94,1.7333969779419587,-0.39961456255579236,-1.4034369797872404,0.03531711757530324,-1.3295539838539676,0.045035789554417574
16.95,1.7108337196390173,-0.3946293738161444,-1.4066909859452434,0.03440452102631725,-1.3299499855657921,0.04346010670597888
16.96,1.6888870205396194,-0.3907811846299417,-1.4092173387350653,0.03338532099423533,-1.3326379962979753,0.04516800636166065
16.97,1.6681393790376762,-0.38587001548232513,-1.4139027807578877,0.03380351620638474,-1.3327388253768853,0.044170180394858705
16.98,1.6452496833315133,-0.3819507073665326,-1.416497791518802,0.03615538474861738,-1.3351840015606362,0.04557122314710625
16.990000000000002,1.6227448151633483,-0.3772616715043853,-1.4186950016483804,0.03286343864712623,-1.3361843863989926,0.044358093389524095
17.0,1.6005013192753679,-0.3725952253016616,-1.4232334570282419,0.030843725900040357,-1.3359094361299417,0.0444000397848855
17.01,1.5793714599160886,-0.3678458204296408,-1.4261687861307035,0.03238092786177467,-1.3398351331107095,0.043633966085868184
17.02,1.557536487190076,-0.364740640473959,-1.4290722464948111,0.03167712295190536,-1.3400584963191693,0.04341800282402886
17.03,1.5361960078303192,-0.3606992452767045,-1.430907663492955,0.03167760732804417,-1.3422105831484605,0.04493768157102472
17.04,1.5136473998281998,-0.35624865317260196,-1.4358937289978122,0.030146058209749582,-1.3441256039947391,0.04517209860768233
17.05,1.4933144831649423,-0.35235341701781503,-1.4384893863270203,0.03170458224324394,-1.343773430590155,0.044192674969273794
17.06,1.4704956736349135,-0.3471723685216714,-1.4420120570104136,0.031049728108353745,-1.3457153796695924,0.044687729419572594
17.07,1.4484917772248267,-0.34408371342366806,-1.4447227095491115,0.027925506740237513,-1.3465874230142418,0.044755900376484865
17.080000000000002,1.4257297352479037,-0.3392776237874188,-1.449632481650639,0.029240462281383377,-1.3462993875053597,0.04566770969666198
17.09,1.4058288153122194,-0.33536992426993517,-1.4523917599125122,0.030876403874833307,-1.348507236235764,0.04409342827955456
17.1,1.3825847972690186,-0.3310609960269925,-1.4555328515758306,0.027465743396468793,-1.350123063201492,0.044474096638763665
17.11,1.3628356246434368,-0.32704032536516014,-1.4592379053591147,0.028847786655526165,-1.352216194026065,0.04429259549427333
17.12,1.3405692072654503,-0.3223273692377057,-1.462160615556487,0.02907786033006943,-1.3515042114933469,0.04398736234519996
17.13,1.3172494939439734,-0.3183113134006862,-1.465407282893339,0.026710957685899768,-1.3548470414937228,0.04423186953739541
17.14,1.299807425697415,-0.31501334519446794,-1.4671649459778264,0.027486987084450413,-1.3558691210104832,0.04421525972361609
17.150000000000002,1.2781626876841758,-0.3103901931531441,-1.4705733812270962,0.02641865581348948,-1.3567051378925516,0.045027845979528774
17.16,1.2564632242181648,-0.3080745907958077,-1.475285675010076,0.0260302423292768,-1.3575312137325997,0.04557933454995227
17.17,1.2348772862374415,-0.3036098006708068,-1.4780126394996993,0.02653046106376826,-1.359812836107207,0.04406839760390542
17.18,1.2142355362603117,-0.29869889813364214,-1.4809377081971689,0.02486534849646425,-1.360812642169924,0.045389899304713335
17.19,1.194150542322809,-0.2959168844311384,-1.4827776235637506,0.02510437890249365,-1.3612267550067436,0.0447202795624925
17.2,1.174716908786139,-0.29157892432054716,-1.486194168729314,0.02565785000623177,-1.3620805231816406,0.0432987288401926
17.21,1.1557750645385154,-0.2877123387017903,-1.4906028409096517,0.024104296647662928,-1.3635067032252126,0.044768757477065955
17.22,1.1344779776218563,-0.28282788820733074,-1.4928195567744995,0.023364018878018075,-1.3660446747924557,0.0446192925885582
17.23,1.1148768717772464,-0.2809535102736258,-1.4951723813430757,0.023060451529147815,-1.3652212105338632,0.04300146678231594
17.240000000000002,1.0952301641903932,-0.2765950574045168,-1.499704235397735,0.022674021847621087,-1.3662378410975773,0.04431577501921157
17.25,1.075334202056674,-0.2738492461246699,-1.5032667290874797,0.022253789729648234,-1.3694964236013492,0.04396035045627073
17.26,1.0548849208635136,-0.2686423130645316,-1.5037483397738454,0.023765252351283805,-1.3717448035287239,0.04342210422912172
17.27,1.0371774907333895,-0.26478492204533366,-1.5085583489871779,0.023448358029994485,-1.3711890320760995,0.04397994748807951
17.28,1.02058744650537,-0.26131815063610836,-1.509960266459083,0.02096063231043823,-1.3735452761574691,0.04352112767864033
17.29,1.0026068217918895,-0.25718737185761015,-1.5128517085129272,0.02040370459412986,-1.372662789572599,0.042835719978568346
17.3,0.9810644162694211,-0.254708007522064,-1.5141323496067984,0.022556431722993063,-1.374946549067728,0.043399361740936594
17.31,0.9629733493850473,-0.25067879866590315,-1.5184072783881888,0.02123833763132564,-1.3748384510320244,0.043783038705416305
17.32,0.9471085831028105,-0.24793224757732826,-1.5207537666568802,0.019760570383397295,-1.3762979421045625,0.04425367830594958
17.330000000000002,0.9291536952150908,-0.24324990040012687,-1.5252287612302664,0.01893269384205471,-1.3779851792470053,0.042632392808381894
17.34,0.9114666530966549,-0.2409423004506611,-1.525312560629434,0.019650204523902173,-1.3778863249034339,0.04412410581602288
17.35,0.8943458833398382,-0.2372215753376027,-1.528376443361029,0.020236201710095096,-1.3799195010244771,0.04239256151749946
17.36,0.8765751182414099,-0.2343978758820084,-1.5335702238303175,0.02043546896081807,-1.3802863485709551,0.04324548617553835
17.37,0.8606413371620742,-0.23004350661676415,-1.5349775833310362,0.01765990264634613,-1.382462456021832,0.043870188339356735
17.38,0.8459668625516161,-0.22678152413772956,-1.5355274822913265,0.018234125185980013,-1.38187346295539,0.04315599160334508
17.39,0.827936526998329,-0.22534452748513437,-1.5395337735791816,0.017372461281081455,-1.384554162644533,0.04331058820226644
17.400000000000002,0.8144568750902454,-0.22025438780201534,-1.5426830288356754,0.016496379543432,-1.3853431591533703,0.044353171849083564
17.41,0.7984217533264996,-0.2194322603869159,-1.5428548275451064,0.018156646570106533,-1.385586753348476,0.042945133303040735
17.42,0.7838202347188943,-0.21611064945964586,-1.5459485781331488,0.016582602997572925,-1.385663153870482,0.043848500699731556
17.43,0.7697751664660482,-0.21190606964291095,-1.547550084676144,0.01630139157252823,-1.3864442977138505,0.04401037307336757
17.44,0.7567374128693601,-0.21002596266711093,-1.5495079433171715,0.016716418502878475,-1.3883020201415295,0.04335228261652793
17.45,0.7406275334759019,-0.20712603584183972,-1.5512288012516293,0.016458152087810558,-1.3894642340150098,0.04326756261445852
17.46,0.7254360584894234,-0.2034760441101776,-1.554780560307743,0.016764656403420765,-1.3896448443420006,0.0437930934402029
17.47,0.7130257187370429,-0.20301934013838963,-1.5571778057072945,0.017166739705473655,-1.3905935719255214,0.04448583081257226
17.48,0.7011954133773408,-0.20015836007283702,-1.5579390589007691,0.015441859676359995,-1.3924904857240485,0.04331837637371755
17.490000000000002,0.6876819950551696,-0.19776567520038024,-1.560519465416038,0.015001803118681411,-1.3904061671530272,0.0418566990693825
17.5,0.6751158913619298,-0.19514451755110068,-1.5626733346886215,0.014667468637440782,-1.3924150652972758,0.04406703173620207
17.51,0.6626779848112476,-0.19162642156306753,-1.5628358373112496,0.015385648051296025,-1.3942030403498236,0.04384439478610506
17.52,0.651119580033944,-0.1910121016497546,-1.5670918060039054,0.012677723704096979,-1.3943745500514075,0.043651743648786635
17.53,0.638153489563337,-0.18717187914734798,-1.5673184808392275,0.015396723719030366,-1.3948013389267766,0.04244044264223411
17.54,0.6284196268016788,-0.185348685473403,-1.5696080787180653,0.01274331879274947,-1.3957063277949728,0.04247753204500053
17.55,0.6181680798570195,-0.1842021546386641,-1.5692536398918924,0.011937308950929156,-1.3963252853496007,0.04457885612414586
17.56,0.6059194651750732,-0.18196390317662745,-1.5726882416221388,0.012990037119892228,-1.3968583540084614,0.042182153265695466
17.57,0.5964429716116332,-0.1794177501601893,-1.574051456698867,0.012516202077270496,-1.3967815389041536,0.04393164279380244
17.580000000000002,0.5858119076451185,-0.17910541698846993,-1.5761709695885613,0.013673758735326136,-1.3980285649641322,0.04396620813928326
17.59,0.5769539672167742,-0.17695613565245943,-1.5759641915684364,0.012530383079916045,-1.3986745366910436,0.041907130006403406
17.6,0.5675965385991695,-0.17350630353710275,-1.5787661874768342,0.013546148672720245,-1.401419606431366,0.04275510268655154
17.61,0.5591360499892122,-0.17116938245595378,-1.580485791379733,0.01324946558142732,-1.3989909656181012,0.042597819673123
17.62,0.5504871448363837,-0.17093399581283106,-1.5820324199707154,0.01210184920353091,-1.3993074780961168,0.04366831790452862
17.63,0.5425383820148996,-0.16939092964401253,-1.5814563287151593,0.013014656649595537,-1.4013943917502152,0.04453689067521592
17.64,0.5360190103647677,-0.16739476751962437,-1.5838724909648587,0.011298370692364706,-1.4016616171339262,0.04323659838256954
17.650000000000002,0.5258532866138127,-0.16611408197350627,-1.583137150437924,0.012546281587679415,-1.4024144917393604,0.04247689499459787
17.66,0.5205135897277018,-0.16530295812508933,-1.5849483755230669,0.01242924722767937,-1.4012998733955524,0.042169341740950585
17.67,0.5136271585764287,-0.16417266974977618,-1.586446309534548,0.012525773858713429,-1.4018121496768963,0.044365427827963905
17.68,0.5073106412712276,-0.16270014677979866,-1.5875574790165654,0.010131163599438586,-1.4018814603595482,0.04285247737264465
17.69,0.5012066334419883,-0.16082200250850417,-1.589351928464957,0.010719076208642719,-1.4020706034888035,0.043375746456936516
17.7,0.4944012624284066,-0.16039624706721162,-1.5881980054151996,0.01222618350852109,-1.405051074005226,0.044537951574211136
17.71,0.4902067217557975,-0.15935078938724517,-1.5910195877740234,0.012222719453104637,-1.403688204112549,0.041829639237224235
17.72,0.48392536186260454,-0.1554808320558354,-1.5907524960184378,0.010553521903993167,-1.4052978380849028,0.04463884933308439
17.73,0.47993591879671693,-0.15603047356915442,-1.5912918952619957,0.01219935746171679,-1.4054536355738325,0.04322542763460199
17.740000000000002,0.47481370511836507,-0.15515963252555423,-1.591926874988924,0.010468980503740937,-1.4049350865527424,0.04161226972801832
17.75,0.4681983031571798,-0.15480444943480348,-1.5931846612314353,0.01070224756782182,-1.4045259425490926,0.04428654097877285
17.76,0.4666382875011176,-0.1530666712444023,-1.5930282279060353,0.011115240912766305,-1.4052841434001953,0.041938332872689645
17.77,0.46323562956433395,-0.1561568189838802,-1.5945454705276627,0.010798129959361422,-1.4064090979625077,0.0426591334589859
17.78,0.46051077744112984,-0.1523857578708624,-1.59515801362567,0.010300302783621498,-1.4070438078410998,0.04366230715711537
17.79,0.45545965562974633,-0.154443302937804,-1.594956956741706,0.011030326665382147,-1.4052823785334847,0.042977270049204305
17.8,0.45238463905910736,-0.15042208107546925,-1.5954854124945506,0.011217416156653252,-1.4067715811610975,0.043638011748116615
17.81,0.4487242647739249,-0.15203547723552527,-1.596953874442591,0.01000868917772943,-1.405372240740898,0.04249671821024365
17.82,0.4481501714385491,-0.14983204858912202,-1.5962951060369615,0.011355753611762266,-1.4061481268270284,0.043128243763959934
17.830000000000002,0.44594242949044355,-0.1491196933847047,-1.5971633427124654,0.009607950569132374,-1.407633878717862,0.04389041853665502
17.84,0.4442638088205276,-0.1508068305988939,-1.5987733942940467,0.009817063028315889,-1.4063879180007433,0.042960779172234176
17.85,0.44164296963022165,-0.1504494780204171,-1.5962939701077106,0.010670497585557872,-1.406461665188463,0.04315459618619371
17.86,0.44035725173330775,-0.14928702307292172,-1.5982273010269588,0.010665695972698987,-1.4063777800357344,0.044020986819210746
17.87,0.4388731154461232,-0.15026178772980764,-1.5983343714263618,0.009933349745198177,-1.4069864496726041,0.04290376777831781
17.88,0.43632505164378915,-0.15017327433746777,-1.5996387573614452,0.007567391667055265,-1.4073389671246819,0.0450330580880713
17.89,0.4378433692814605,-0.1498425594025943,-1.5978315618136123,0.008991505989690868,-1.4084307471756055,0.04196143196683828
17.900000000000002,0.4352104482748763,-0.1489808455475048,-1.5978723949916576,0.01083146017017643,-1.4076317307525203,0.043036456304188654
17.91,0.43373441032060955,-0.14985651683913292,-1.599509027142241,0.010805289164166697,-1.407675676449969,0.04137071309638037
17.92,0.43405268088414123,-0.14966103956620028,-1.5968393677773274,0.009722283514012388,-1.4068209035963304,0.04395282881349765
17.93,0.43281703245490266,-0.14841674908321545,-1.5978741037925124,0.010319331344241,-1.4071279216794792,0.04184138699673111
17.94,0.43378657879254656,-0.148840459603001,-1.5981043607552283,0.01101458053072474,-1.4068802092623427,0.0433053989511821
17.95,0.4336120527431798,-0.14776701035325038,-1.5971420461379322,0.010177130598541455,-1.4073358425960911,0.043814013619978255
17.96,0.43245349872185396,-0.149500200377331,-1.598042292325367,0.0100237420919181,-1.4085428920072223,0.04343713123623816
17.97,0.4340260286930057,-0.14973707969926456,-1.597596255334192,0.007987492205989172,-1.4078446933575257,0.04460629170996026
17.98,0.4324365099795599,-0.14822595065368832,-1.597830811166316,0.008702542485118247,-1.4074357053485287,0.043056077848947244
17.990000000000002,0.43432808176443993,-0.1493789460960577,-1.5988325197786146,0.009389913190299293,-1.408402520775606,0.043983849689865746
18.0,0.4327232578230258,-0.14878482383968583,-1.5989519057996449,0.00970849165354597,-1.4079134712726087,0.04189656327653195
18.01,0.4324742158805029,-0.14861346697322628,-1.5991613023793754,0.010335303383270641,-1.407290656936552,0.04251423366692776
18.02,0.4325742192252281,-0.14641624543269544,-1.59664957290343,0.009280132778463155,-1.408298006043691,0.04207549623550361
18.03,0.4336224535811847,-0.14864778242216312,-1.5982908447658508,0.01194268275102612,-1.407509132255813,0.04361631827663332
18.04,0.43315415277854935,-0.14881331647522278,-1.597575707023499,0.009458496161217099,-1.4063307343072815,0.04248735232315411
18.05,0.4322828944779196,-0.14924988481950774,-1.5993065684930647,0.009827577872266235,-1.4096217518799579,0.04279637911975495
18.06,0.43225670885224143,-0.1476105852600963,-1.5981308796721578,0.009582469845848138,-1.407900161026975,0.042795257137161966
18.07,0.43399674172085967,-0.14901759620642624,-1.5991281096714867,0.009215124533422693,-1.4087933234280352,0.043267911202390916
18.080000000000002,0.43287706655952457,-0.147180579107452,-1.5975911991977618,0.012291878961158454,-1.4075644661510576,0.042772645065648575
18.09,0.43156533846281253,-0.14769212087400146,-1.5983965593605205,0.010768337066486704,-1.408494073410746,0.04330683253811602
18.1,0.4328790704478565,-0.14817866903891067,-1.5990962619882276,0.011237881549619062,-1.405710769103412,0.0420310420455628
18.11,0.43332870597600337,-0.15081139802599533,-1.597916527748497,0.00856798222099872,-1.4079581204343152,0.04185416982462517
18.12,0.4325118434753993,-0.14756801441092504,-1.60012081158465,0.009886294791195259,-1.4079479987646375,0.044379725258394356
18.13,0.4330767825584358,-0.1493273157318722,-1.5989112819330111,0.011557957123203313,-1.406876598658012,0.04219869013895189
18.14,0.432466936988507,-0.1485051714370641,-1.5989694777972547,0.008707558348227729,-1.4080913365008283,0.044212305092688524
18.150000000000002,0.43236738868874786,-0.14839010579080902,-1.5983773682389455,0.012135693530625288,-1.4074922553009206,0.043954647412846284
18.16,0.432177989323878,-0.14852636855865034,-1.5984890456825818,0.009524441565828923,-1.4076777773008189,0.04377497063776792
18.17,0.4320015501596333,-0.1482999223058274,-1.5978815133002127,0.009480517643865467,-1.4065440711323556,0.04306360283456365
18.18,0.4325559033800198,-0.15005243955389566,-1.5988260383619777,0.010524275556858824,-1.4059768991419308,0.04349557677628065
18.19,0.43368280906669676,-0.14935514279053125,-1.598610673505737,0.011265302237532289,-1.408274693666745,0.04384231564451681
18.2,0.4333399405600485,-0.14806025839007295,-1.5987868471534286,0.00933929510781223,-1.4059506892923082,0.04355140406771126
18.21,0.4329972436430485,-0.14866027937110793,-1.598466950768528,0.010343742934793674,-1.4071510426351366,0.04364083279319401
18.22,0.4320171647785362,-0.14957984729237528,-1.5984264510824446,0.008675265235787726,-1.407782447501146,0.04255564804734396
18.23,0.4331291312522324,-0.14656985769952424,-1.6001969754495264,0.012184600828931158,-1.4077033964465617,0.043303520333546695
18.240000000000002,0.43146532602431853,-0.14743006544400122,-1.5984638083845755,0.01014635956460436,-1.4091906874567093,0.043064399868955945
18.25,0.4334381244578612,-0.14850619200706505,-1.5974753177671874,0.01118863754147257,-1.408059461262408,0.044391999439010316
18.26,0.4327395273131023,-0.1482565890793261,-1.5984136225883967,0.01026048940387075,-1.409795224342011,0.04283811512840368
18.27,0.4315097321624265,-0.1468807543626801,-1.5971158814792292,0.010943456446265005,-1.407708102097018,0.04212034102234918
18.28,0.43212615232145896,-0.1466047251272823,-1.5991040561734238,0.008144355261064027,-1.4066010110018223,0.04430943598845294
18.29,0.4341479388370898,-0.14739387042721686,-1.5974514762802376,0.01024619369393644,-1.4093119097437339,0.04302433079865302
18.3,0.4332424245709734,-0.14841804539332198,-1.5986578092839268,0.009358648292062956,-1.4083741819657443,0.04460408718616557
18.31,0.43433567577386056,-0.14830231005779884,-1.5982543243084522,0.009344039870499485,-1.4069392476589024,0.04453558358623292
18.32,0.4313654943933562,-0.14789518545375888,-1.598029614356218,0.010660423541989502,-1.4060663711343055,0.04477676107164775
18.330000000000002,0.43249624705357276,-0.14771254514915652,-1.5984264922246962,0.009648375344299694,-1.4072636700650707,0.04358599388489594
18.34,0.4328893059901274,-0.14906897567061192,-1.5989045329724068,0.00980214572168395,-1.4082351710388532,0.04327361490171722
18.35,0.43306487163613644,-0.14744520963916413,-1.5992484166857044,0.009696054778260816,-1.4061433822306437,0.04285645027830072
18.36,0.4327262942833728,-0.14845280682354242,-1.597511244084337,0.011222595984096412,-1.4065285426692427,0.04302318461462897
18.37,0.43193865598399805,-0.14661993464953235,-1.5977527294468872,0.009801489860794965,-1.4062574836584436,0.04253259304628467
18.38,0.43393107095773653,-0.1470099533316874,-1.599304145418312,0.010707679891926532,-1.406817409841869,0.04528193875867355
18.39,0.43205222007280275,-0.14704987015695742,-1.5984848627436603,0.009116705389009386,-1.4076047085586878,0.04300215090982325
18.400000000000002,0.43177594398565294,-0.14802757712565873,-1.5976641537442737,0.010407869284689307,-1.4079728481696074,0.0428704336779526
18.41,0.43269603517324307,-0.14811035110323315,-1.5975314899529496,0.010437312203182433,-1.4087240837288106,0.04250928229202266
18.42,0.43284488069828836,-0.14731901632676325,-1.5973674153204949,0.011748705119879068,-1.4073860174355866,0.043666112916160085
18.43,0.4314307428690529,-0.14792485755773394,-1.5994383449449496,0.010145424256126518,-1.404855967215543,0.043264901043994976
18.44,0.43194618076015256,-0.14794413695962996,-1.5989512332243174,0.009361592597812388,-1.4056646645256738,0.04393096911791135
18.45,0.43300153758962023,-0.14864193032504083,-1.5987712149879219,0.01154606936143696,-1.4072324606277549,0.04030974500290643
18.46,0.4348126674043295,-0.1481402479567186,-1.5982003540150314,0.011148320122939136,-1.407093859415766,0.043651800729533896
18.47,0.4323302315188257,-0.14937319887644218,-1.5982554507645637,0.011449319465099268,-1.4080653143773314,0.042364679212843634
18.48,0.43376554031619474,-0.14869902171593344,-1.5988582811136558,0.009874370192606384,-1.4075567066034729,0.04162674169958475
18.490000000000002,0.43222933696240357,-0.1480989659787357,-1.5983051881499197,0.011210539574136681,-1.4058948274743563,0.04431989080131029
18.5,0.43349818478066526,-0.1484297954160247,-1.5990437303369043,0.01021560187561836,-1.4069889861218843,0.043717276041298984
18.51,0.43324374487860273,-0.1484057455474084,-1.5978133331577569,0.011300318833078804,-1.40673191516762,0.0429720633391888
18.52,0.431972329742616,-0.1490483687600343,-1.5990944745227147,0.010424340432104806,-1.4070463856518114,0.04176558768380047
18.53,0.4322601812972555,-0.1480876933804087,-1.5992851188322625,0.010578652805448377,-1.4077682817945136,0.04236869671918498
18.54,0.432746430498809,-0.1479576708329018,-1.599240481167619,0.009988280758307292,-1.4070918736237803,0.04233495085519976
18.55,0.4312533342468572,-0.14964091364036586,-1.5988648182009302,0.009049463008000351,-1.4078034445976049,0.04445293673052526
18.56,0.4314969459536073,-0.14854661925701976,-1.5966392132436347,0.01055616068621819,-1.4078208991051353,0.04286309407442181
18.57,0.4330746894728042,-0.1468201598223825,-1.5989632571648285,0.009538860305831691,-1.4087032376071134,0.04308996826065196
18.580000000000002,0.43147330635714887,-0.1487047266908341,-1.5992929758952865,0.01113734959133321,-1.4079436595432397,0.04334638705623595
18.59,0.4313001656532814,-0.14818523853277638,-1.5995499554383286,0.009828551611002457,-1.4055703617325328,0.043813475604279055
18.6,0.43258793888143016,-0.14550839655471237,-1.5992986405788967,0.011216843118269565,-1.40883751078166,0.04278713723792495
18.61,0.43152383156173585,-0.14807548440977913,-1.5984511567395938,0.009931511813087967,-1.4065470004646006,0.04250511278682114
18.62,0.4329852319582568,-0.14758393072993797,-1.5997943546815325,0.00954688527843181,-1.4074529974391015,0.04354991259808624
18.63,0.4339402639234509,-0.14848839066381722,-1.598776173084073,0.009438516311646983,-1.4072120345556154,0.04274071600367157
18.64,0.43246086173785003,-0.14838193317787662,-1.5980186137035064,0.009708052287646646,-1.4081738350498683,0.043376750425426644
18.650000000000002,0.4300595569101283,-0.1488268085876411,-1.5995047070737074,0.01125004088716696,-1.4078847864243145,0.042510682880979735
18.66,0.4326575688770914,-0.14881956045761535,-1.5988513768043435,0.010284744819992362,-1.4078682997579341,0.04262543711254156
18.67,0.43181847113147254,-0.14930686625640294,-1.5984470843244427,0.010467559419202785,-1.408746301783413,0.04366317399103308
18.68,0.4333667573478516,-0.14744942326768057,-1.5982382974040243,0.010755959012778185,-1.405593205238547,0.04273687276494035
18.69,0.43178746201746776,-0.1496387197942487,-1.596967885466301,0.011743558071580815,-1.408306865487992,0.04236529285502391
18.7,0.4324172644824064,-0.14723163433454425,-1.5996233830915823,0.008483800707834128,-1.4056084867899674,0.04327259711760161
18.71,0.43309655041765754,-0.14847898875531762,-1.5980935259737485,0.008878606089131533,-1.4082338416319724,0.04309176756596757
18.72,0.43071827384826683,-0.14856399642031673,-1.5988177933640395,0.009935852941942044,-1.407980909599716,0.042130920344973136
18.73,0.43110997725682837,-0.14817368437221945,-1.5987619075866903,0.008999840443522844,-1.407445429302677,0.04274260739832908
18.740000000000002,0.432297680705647,-0.15018224586971102,-1.597904172944229,0.009123959975247752,-1.407444786286722,0.042294652721106496
18.75,0.4323607721189488,-0.1472944351036477,-1.5980360756016228,0.011186145887090557,-1.407211684265901,0.04334570049286992
18.76,0.43114566300051865,-0.1485770928300173,-1.5986962700688951,0.011267849002798345,-1.4079417684271067,0.04323113352441225
18.77,0.43289701044736917,-0.14728973783922739,-1.598616713729565,0.01092238038798664,-1.4089877754946578,0.041591502335197816
18.78,0.43070740616147546,-0.14761409871563586,-1.5979121146936879,0.010982629699360763,-1.4080911097130213,0.04250821189420593
18.79,0.4325943660041882,-0.1470401346877408,-1.5970218561105052,0.010892728588900788,-1.4072111307956567,0.04416534124245156
18.8,0.4324767353378174,-0.1486411608444851,-1.5986125930406307,0.009345910590852415,-1.4076527244815054,0.04202487752738506
18.81,0.4335944880649241,-0.14782554324624478,-1.5972524714650043,0.008778182532151277,-1.4058404563450542,0.04162775633113221
18.82,0.4316542789318281,-0.14884176900300425,-1.5973587984114335,0.010396850011593847,-1.4077127811617136,0.04230830207619028
18.830000000000002,0.4314992700663523,-0.14731159620017525,-1.5978030557679503,0.01138023560250502,-1.407153710857629,0.04069433064615844
18.84,0.43161389650052906,-0.14789432325574645,-1.5988226389695523,0.009712318383939147,-1.4084627469721724,0.04382692789544662
18.85,0.4330981031773118,-0.1478626281489078,-1.599052922269467,0.010353840091188182,-1.4086674201289913,0.04288670371365089
18.86,0.43049396527974987,-0.14966843948407796,-1.5987812701450186,0.012272681588818094,-1.4090714447806874,0.041914771207313864
18.87,0.4328891716968815,-0.14675588722149194,-1.598323571213529,0.010812734356937964,-1.4077946148508194,0.042554398602062136
18.88,0.43277171937686,-0.1488744658648686,-1.5978679557684068,0.008798263334056897,-1.4067233397990828,0.043034307075178
18.89,0.4325126206935086,-0.1497337745067342,-1.5993550269150054,0.011246020739502717,-1.407682036966602,0.043242948493099086
18.900000000000002,0.4319324635245476,-0.14832535495325516,-1.5996974285538839,0.010287163710081893,-1.4071765548000044,0.043279789130988094
18.91,0.43191147348184356,-0.14859849579411202,-1.598031209671509,0.010015485889994898,-1.4077507212440268,0.04466108884877894
18.92,0.4318701054362573,-0.1473571570216247,-1.5995076489693638,0.01077140429132473,-1.4068820203127157,0.042554622382840156
18.93,0.43163755101753687,-0.1500195273548495,-1.599036787800212,0.01065921239960805,-1.4084404079726793,0.043084603597112754
18.94,0.43141157194259505,-0.14850410595168756,-1.59950098463966,0.01013194917447923,-1.40793727432794,0.04196120958092052
18.95,0.43212502442283857,-0.1491152056488111,-1.5996466156071212,0.011144873980676182,-1.4078143118633797,0.04107819575212269
18.96,0.43215608488714913,-0.14750176344436555,-1.5991644107469414,0.011507028101251027,-1.408247578671799,0.04343930640275302
18.97,0.4336046378227163,-0.14790713164552666,-1.5996994722703155,0.009377541011806663,-1.4064789204367842,0.042297844044387016
18.98,0.4335514383800987,-0.14867549425583493,-1.5983765726547217,0.008990393211506563,-1.4080308135955926,0.04223615108488064
18.990000000000002,0.4328968728346794,-0.1482186697689534,-1.5980962618013252,0.00977193836329544,-1.4083117788772577,0.04315946120909532
19.0,0.4318015141850265,-0.1473588988093125,-1.5985999396356612,0.009915393426464782,-1.4070966756830277,0.042933359402663955
19.01,0.431255977047474,-0.14922683111211787,-1.59757653894325,0.010273259352329435,-1.4089672709231489,0.043307280955712825
19.02,0.4322349813736827,-0.1490675818842306,-1.5994956274430296,0.011073051280411866,-1.4092138408326442,0.04226915675801863
19.03,0.43288195991493617,-0.14693747941242258,-1.598005069738017,0.009463205526048547,-1.4061607647150614,0.0418175703249777
19.04,0.43311299212742316,-0.14790928728222746,-1.599241635252074,0.010812296453324283,-1.4079375792872557,0.04360695220716472
19.05,0.4314463401812262,-0.14807544054362742,-1.5988067480150066,0.011210151261224266,-1.4075173024915497,0.044090790310547225
19.06,0.4337460666858289,-0.1485274734300467,-1.597721943332816,0.010904685541866445,-1.4070520356208462,0.041000673260599925
19.07,0.43279291895261746,-0.14727525250173343,-1.5994531151718843,0.01098859091638858,-1.406826545295036,0.04236836912098971
19.080000000000002,0.43236656831978454,-0.1490677072652733,-1.5964749114175316,0.009474049199862281,-1.4081087500511302,0.04213197441948562
19.09,0.4357490412435652,-0.14889520579493914,-1.5987471332256922,0.011472202349188117,-1.40687509223258,0.04220134148576882
19.1,0.4343394546038772,-0.14781092554075687,-1.5980782686258672,0.008900881313966604,-1.4088938086715126,0.04203093661700184
19.11,0.4351937289958237,-0.1507744304477681,-1.5989218779718504,0.009467543625483677,-1.4076894811960758,0.04448376665476947
19.12,0.4370728281823146,-0.1493336442593466,-1.5973630425000134,0.010082547999070334,-1.406874766452868,0.04325315779216432
19.13,0.43861697216194,-0.14700525065599165,-1.596831256198455,0.009369107571561112,-1.4068287083174915,0.04231951819567685
19.14,0.44028908144203927,-0.1508872797767068,-1.5983841230664497,0.010640252970498046,-1.406197870674693,0.043451575666254134
19.150000000000002,0.4422309445155502,-0.1496665556266006,-1.5970283985707052,0.009931450937436357,-1.4062639731958955,0.043910161043813165
19.16,0.44322317081491114,-0.1504402146848381,-1.5955206072713037,0.01038807800155448,-1.4067999625801637,0.04344157291604731
19.17,0.4452023035575379,-0.15144122425080206,-1.596277383487668,0.010411191137613986,-1.4051379145068534,0.043710667583622645
19.18,0.44700371839865316,-0.1505198871782508,-1.5960023766673772,0.01163121822675813,-1.4070692593955512,0.04319128437392275
19.19,0.4499080651819463,-0.15158121430970337,-1.5966719380651062,0.011039205735683738,-1.4060987390724125,0.044152642540405025
19.2,0.45270110679362546,-0.15251482177043618,-1.59480237071687,0.009896405930365998,-1.405353916376478,0.04398090990668705
19.21,0.45677477985386283,-0.15239857165437778,-1.5954694552009279,0.01074252958844288,-1.4057912049104457,0.042552468384275434
19.22,0.4600689828782452,-0.15284298152910183,-1.5953381274807124,0.012353194119972906,-1.4058444234925473,0.042092298995828954
19.23,0.4616768299951803,-0.15272441117774999,-1.5924412686178673,0.011659061350205032,-1.4045685863315254,0.044115062146971105
19.240000000000002,0.4666578597960844,-0.1544620890709827,-1.5929957874185023,0.011493804555018796,-1.4061410885690855,0.043698893867400515
19.25,0.4714966137942696,-0.15571002555860886,-1.593130995759469,0.011346242303987715,-1.4058180134855187,0.0419182784080084
19.26,0.47556477747696385,-0.15675957427299142,-1.5921890186092509,0.010482407933177207,-1.4038768227623737,0.04381975288143861
19.27,0.4789860241971661,-0.15828835058965066,-1.5918112311485195,0.011602571327384762,-1.4045487206722114,0.04317874624120996
19.28,0.48431263020819737,-0.15754675796819168,-1.5908034255650598,0.011593724214638949,-1.4052790082358761,0.045321056469621736
19.29,0.4891158845589426,-0.1590400612147242,-1.5894852793286065,0.010944441048560917,-1.4040971371177609,0.043098034278784565
19.3,0.49411027028979765,-0.1599032470229952,-1.5905851434961704,0.012940366969883576,-1.4030796786717337,0.043669509348208006
19.31,0.4992496488337917,-0.16210615049596613,-1.587052753331775,0.015147489464055872,-1.4023780671842037,0.04402719748955311
19.32,0.5073973701529956,-0.1633437198415681,-1.586468347702482,0.010684038235826978,-1.4041070345918145,0.0420220227390398
19.330000000000002,0.5142852381985775,-0.1639055811861555,-1.5862722189247898,0.01175799235962543,-1.403643735207354,0.04255973238757933
19.34,0.5197104951906809,-0.16639550607759737,-1.5857750081979394,0.010960528376740657,-1.4017486105489672,0.04373411187597155
19.35,0.5262676738051172,-0.16680464321948155,-1.582640955410733,0.011187335910752574,-1.4014522126413445,0.043262227997352375
19.36,0.5358240041659997,-0.16772794283571218,-1.5835132460157368,0.012246946693495157,-1.4013055928822122,0.04310355168940742
19.37,0.5415240314155019,-0.16840480443953437,-1.5810326254106049,0.011429374810149414,-1.4011712614277305,0.04300116969577443
19.38,0.5498038529269424,-0.1726866773005795,-1.5813247829316777,0.012187981962740162,-1.401678809280895,0.04336665777378546
19.39,0.5603003686881926,-0.1719551507663156,-1.579576145646911,0.011057851283383907,-1.3992887444802529,0.04335518943376188
19.400000000000002,0.5684641082020192,-0.1726975995738823,-1.5788609039322021,0.010326609828911402,-1.4003047205451493,0.04366741833771771
19.41,0.5772620842568087,-0.17720999544332988,-1.5780049735348083,0.012703903275752118,-1.399924753319485,0.04371403295367646
19.42,0.5863614771666734,-0.17852335868822677,-1.5760019798176592,0.013427536028082842,-1.3982318641226235,0.04345297186989205
19.43,0.5966970027353995,-0.17993104256957776,-1.5747653285398855,0.01275166800124217,-1.3980249640882154,0.04509659620556872
19.44,0.6055193205148334,-0.18219060012524887,-1.5722507724239407,0.013322029189912798,-1.3961346123058687,0.04304340664149681
19.45,0.6169852448613786,-0.18313592846596324,-1.569178494255375,0.015019261122171345,-1.3965621697157453,0.04328826642940574
19.46,0.6280604712303574,-0.18580518618851236,-1.5698696377115966,0.014819114616089465,-1.395613552145248,0.04331178934512383
19.47,0.6380755049371858,-0.1880303595907775,-1.5691034556400767,0.013711519350262966,-1.395616087922599,0.043621444782765036
19.48,0.6523244238963901,-0.18980124553513014,-1.56445824294539,0.01500598227493026,-1.393453716083755,0.0450123042793652
19.490000000000002,0.6618770061331203,-0.1932756230981975,-1.5633594553680437,0.014670015588502195,-1.393534102523627,0.043195910336085004
19.5,0.6741577911097101,-0.19350905350649403,-1.5630740677000405,0.015508951181698372,-1.3925399854565959,0.04205681657623131
19.51,0.6864443062303722,-0.19790849663271853,-1.5597432936663491,0.014832795687252199,-1.392323515303792,0.04218517141352242
19.52,0.7020165949609292,-0.19973769859223992,-1.5578731769701883,0.014930795625016684,-1.3920501509557313,0.04514937042658554
19.53,0.7114555561988724,-0.2020886904761279,-1.557389835714287,0.01530493892247287,-1.3912498641977467,0.042643421609356136
19.54,0.7266214675057177,-0.20716675486306343,-1.55458361287678,0.0158416124685299,-1.3910723730515762,0.044848569865245526
19.55,0.7398519944859376,-0.20778809158200595,-1.552753003451514,0.0161174492628798,-1.3879187159297495,0.04571090994677221
19.56,0.7551162388589044,-0.20934712481457796,-1.548618925442626,0.016680156831527876,-1.386845237914578,0.044269621285197194
19.57,0.7689969996183723,-0.212766503971064,-1.549540107110269,0.016998298379729444,-1.38869932746877,0.042185689063778314
19.580000000000002,0.7837526897104637,-0.21687930152637222,-1.5457444623200203,0.0171505634507536,-1.3863106131186238,0.04284144429594758
19.59,0.7993848520353679,-0.21887822831681136,-1.5430953839437427,0.016277948087788624,-1.3857260023461582,0.04461498902902292
19.6,0.8147624477002153,-0.2224470011209549,-1.5416534693343373,0.01675734806448054,-1.3852253203338136,0.04246401924784456
19.61,0.8294049511618119,-0.22420633765599016,-1.5395152664128116,0.0178449051449566,-1.3839093714156767,0.04463374701262151
19.62,0.8448914000250337,-0.22832429775569096,-1.5371776844906067,0.017240785677392526,-1.3823022353592955,0.04362364281797208
19.63,0.861657517990512,-0.22982837553528282,-1.5328432918506136,0.017111862677633982,-1.3812286996918395,0.04396754237841941
19.64,0.8776713693692876,-0.23382706918149457,-1.5330365734714915,0.0201453410266266,-1.3803578975881992,0.04304518282223202
19.650000000000002,0.8943024744264747,-0.2388245409477277,-1.5292869673059286,0.018773499467515175,-1.3809604156732749,0.044508086341635264
19.66,0.9129359251080993,-0.2406392503761318,-1.5267222025640064,0.019905416079033872,-1.3788018099072805,0.042916465439365704
19.67,0.9285240837337513,-0.24420195632307645,-1.5236417458503437,0.019870156378760644,-1.377565925806679,0.04256121427105878
19.68,0.9472038692392881,-0.24731784390061917,-1.5189947657863805,0.019864939072526348,-1.3764166245118996,0.04639233307053269
19.69,0.9645742122109419,-0.2508059120990687,-1.51940991301198,0.021882983815817644,-1.3766447002157265,0.044328055144515585
19.7,0.9820186760226403,-0.25438551355877015,-1.5170805800081322,0.022072306177120995,-1.3747951944445722,0.04292734561226908
19.71,1.0017915041106877,-0.2581797292100959,-1.512799285406784,0.02199002542593258,-1.3730443329202289,0.042103604730887936
19.72,1.0198043547659512,-0.2613919485138059,-1.5105967287862385,0.021520641555246838,-1.373754306151408,0.04422146944289087
19.73,1.0367322943183388,-0.2651615301836205,-1.5073575302609918,0.022917580574911434,-1.371942260009187,0.04535416184952794
19.740000000000002,1.0576940606302767,-0.2689370364720107,-1.5056127694575894,0.02108908889242531,-1.3698544374163684,0.043478049545027334
19.75,1.0770717339141682,-0.2728464632056883,-1.5025505405887194,0.022925819591103576,-1.3695421153376914,0.044163332858796714
19.76,1.0962483002000356,-0.27588190974944404,-1.4987474572629416,0.023277851162404176,-1.3692604604150533,0.04453260388685466
19.77,1.1150884487158976,-0.27897395567145894,-1.495382999554385,0.023303337130307442,-1.365709664274466,0.04397043805470125
19.78,1.1349165295712347,-0.28383041867913894,-1.492538648453765,0.02353548149234271,-1.363989037438432,0.04602177625006163
19.79,1.1553989698529024,-0.2860549462029431,-1.4912871713699216,0.023011676862098575,-1.3645126141419293,0.044333094306923386
19.8,1.1745747753976152,-0.2927080093434579,-1.4859148866542995,0.02652341259563621,-1.3619087833660477,0.045280545757366765
19.81,1.1952247981614823,-0.2959180518291867,-1.4838071273115445,0.02687572508721497,-1.3621183932896173,0.04397265978568676
19.82,1.2164340369680977,-0.29809651629972805,-1.4815367948463187,0.02520792209008516,-1.3610241693308067,0.044467225652434314
19.830000000000002,1.237023808983618,-0.3037901651836524,-1.476749433621707,0.02592564707111901,-1.3573219871337223,0.04472164224572711
19.84,1.2567137195066018,-0.30658263556328613,-1.4748762863667924,0.024673914084847405,-1.3583189927986699,0.04425701105813614
19.85,1.2762830324725736,-0.3111698848047122,-1.4732471409144126,0.02634347721873809,-1.3566454562404109,0.04460281970686424
19.86,1.2983166853862633,-0.31522753343254717,-1.4689693223953895,0.027065137862776433,-1.3555485763441362,0.04377029433609062
19.87,1.320032154850504,-0.31899465944715366,-1.4652539016275001,0.029579610034602195,-1.354456074023452,0.04435018503737221
19.88,1.3406650941687672,-0.32416163492773153,-1.4613172115954003,0.027281314261511577,-1.3535562239078458,0.044162312035229113
19.89,1.361513006769785,-0.32895392490579023,-1.4591110861102803,0.02905765424990384,-1.35160979256508,0.046032215026732895
19.900000000000002,1.3844619500030384,-0.3310984099448074,-1.4538411753572622,0.028627951663169338,-1.350442031278471,0.044698862529759686
19.91,1.4066746889527177,-0.33570001980349795,-1.452813778214507,0.029644461714865913,-1.3499195806145745,0.045213075692926624
19.92,1.427287740122579,-0.340029136282505,-1.4485064722176595,0.02825369040170519,-1.347770542798782,0.044382502438185374
19.93,1.4510931825233655,-0.3439029295387663,-1.4462623957012066,0.0287710070550241,-1.3454748909018885,0.044519812879178756
19.94,1.4696346502222764,-0.3479322619038641,-1.4419074871076878,0.03094998916545915,-1.3452944964310276,0.045003235988908694
19.95,1.492309978579115,-0.3521290999880428,-1.4388283398776303,0.031775829722373965,-1.343957019142014,0.04419065756241713
19.96,1.513807540852958,-0.3559702094960552,-1.4374762365014373,0.029691569677832135,-1.3418968016018828,0.04626922532879733
19.97,1.5346903410339356,-0.36075243119585515,-1.432978676425555,0.03144346289284243,-1.341121322847344,0.04385370374100121
19.98,1.556715457051476,-0.3653201429719087,-1.4294657318526653,0.031114521281508545,-1.3393870769912706,0.04465688030704904
19.990000000000002,1.579218355652737,-0.36903111516409504,-1.4261575865116123,0.03325430232636271,-1.3395779147699738,0.043841177772821406
20.0,1.6012296593514992,-0.37344743402267416,-1.4238327638219097,0.03173895655710261,-1.337290915173956,0.04443871170463617
20.01,1.622145983449555,-0.3768797993106288,-1.4200062520428658,0.03437993397660756,-1.3361118046075977,0.045396598007193596
20.02,1.645133745055733,-0.3842598144373381,-1.417153165647154,0.033693195328650234,-1.3345055391997542,0.04361694379111583
20.03,1.6671587873363496,-0.38713926172207414,-1.4126652477423585,0.034211989515412634,-1.3328632235013567,0.04614903277751354
20.04,1.6894670851307039,-0.38962115759815014,-1.4098885347369237,0.03711806557344948,-1.333265471621081,0.044796778282092914
20.05,1.7116790957192534,-0.3939204656346387,-1.4058755506856917,0.035668587182622113,-1.3327119962285836,0.0466834718719604
20.06,1.7324968363947135,-0.397687013887716,-1.404800112962791,0.03572713739103301,-1.3300800165790987,0.04583495263046513
20.07,1.7546813098186296,-0.40264165047081346,-1.4006821554961788,0.03587648283945933,-1.32844315269711,0.045806965500850505
20.080000000000002,1.7769367287139637,-0.4070048337115595,-1.3976134344511542,0.03644184817681587,-1.3247086520622449,0.04685006920354515
20.09,1.79507686583567,-0.4112425078392764,-1.3924385227807927,0.03660927160444631,-1.3260942455189102,0.045219495798198284
20.1,1.8196752592307894,-0.4164465736206575,-1.3889785768999159,0.0371384097093414,-1.3252188874209656,0.04647231348808685
20.11,1.8392790867819029,-0.42005869578734445,-1.3872917857427924,0.03947541687382482,-1.3237161035195195,0.04364908188958162
20.12,1.8614585688365874,-0.4232881267126995,-1.3828999871940053,0.04000647794494597,-1.3206116546068392,0.045731976995655385
20.13,1.882423550026568,-0.42635994877839867,-1.380712776257374,0.03785880153345203,-1.320930677525771,0.04451330946668621
20.14,1.9039187822419787,-0.4320505313172777,-1.3765772847300564,0.03850563036929524,-1.3204068005488256,0.04424453412558824
20.150000000000002,1.9255102925115966,-0.43583047240862033,-1.3745404821514564,0.03884517606203168,-1.3177029473503805,0.046895305952188826
20.16,1.9455208985043346,-0.439838248864004,-1.3700816805450846,0.03898212707961396,-1.316804543115329,0.045686173156601964
20.17,1.9657950183664528,-0.44376443825465056,-1.3677721265173024,0.040547462767073855,-1.316583781117154,0.045765290991263786
20.18,1.9887380582053267,-0.44606628878793486,-1.3635860155361652,0.03943670087244979,-1.3139202081209793,0.04537196487833974
20.19,2.0082202784240972,-0.4524914883587911,-1.3631248676828178,0.04056109910219986,-1.3124581844729575,0.04608164231669409
20.2,2.028603894343467,-0.4555362227263126,-1.3582271431824584,0.041718566181204474,-1.3121130487664672,0.04593908766077994
20.21,2.0498849650645536,-0.459476073278142,-1.3555189030016328,0.04173772073118528,-1.3108581614453236,0.0455229667486977
20.22,2.0684812620569772,-0.4638824301898184,-1.3526853775756096,0.04134611497158394,-1.3093789444719328,0.0464485111109888
20.23,2.0878661873117226,-0.4689994852341238,-1.349073134426723,0.042525309630814724,-1.3091561609208366,0.04664899907382302
20.240000000000002,2.106391781605156,-0.470103498114039,-1.346697043150879,0.040821214821157886,-1.3069614252595065,0.04565486934565703
20.25,2.1264889596647643,-0.47539032037883466,-1.343846459835786,0.042754650862339344,-1.3075768413829927,0.047154217064538914
20.26,2.145918982427633,-0.47907642801720607,-1.3418395322371945,0.04422353441028787,-1.3059415082591144,0.04619547463702425
20.27,2.1645677197558757,-0.48254642717119106,-1.3389691406626678,0.04337836277320407,-1.303665297140086,0.04631793575742565
20.28,2.1831168996605776,-0.4857752087940538,-1.3344150801646815,0.04283325546737788,-1.3025561832260548,0.04531651580036151
20.29,2.201383034421315,-0.4890324376389332,-1.3328845363151014,0.04358238784142245,-1.3002863389914487,0.04698239869989204
20.3,2.2188818139452824,-0.4940663947708827,-1.3291441463193123,0.04475119412053599,-1.2990377310267032,0.04675014359772123
20.31,2.238856497657701,-0.49714485010397685,-1.3265224762530734,0.04423736610751385,-1.298127766003884,0.04661306358454582
20.32,2.2556568422877836,-0.4989769616513707,-1.3223214758425585,0.04550687937978421,-1.2977207785811142,0.04589978423975724
20.330000000000002,2.2739808311362597,-0.5043720431775056,-1.3216421325757146,0.046076019838891785,-1.295580570554913,0.044741686567187744
20.34,2.290933173575129,-0.5052605318255409,-1.3192555100906582,0.046224655901299865,-1.2968424839958874,0.04552530331427006
20.35,2.3065933007875667,-0.5102108286231328,-1.3173503872392256,0.046808245726735934,-1.2957833314643874,0.04595119213505729
20.36,2.3245311928438737,-0.5129290049071096,-1.3144312027860168,0.04610447204533603,-1.2940178835721894,0.047331344553039806
20.37,2.3415024205400146,-0.5165914589415261,-1.3116017139324405,0.04556201219621493,-1.293227609753745,0.04607999661584508
20.38,2.3567602875792346,-0.5198340026211105,-1.3094186053587578,0.04853263323294895,-1.2911829611228847,0.04564850877249059
20.39,2.373022359845011,-0.5226710106914021,-1.3059633597164106,0.04810300437860428,-1.2911020753139741,0.046954995193648714
20.400000000000002,2.388563723116013,-0.5240585524326894,-1.3043241425008147,0.04753293548525768,-1.2904479069174675,0.047590124270300176
20.41,2.4040283897867356,-0.5273709986158788,-1.3025654220651526,0.04790979376039033,-1.288754010476873,0.045779896113061054
20.42,2.420133430478337,-0.5307860638833118,-1.3005241001231953,0.048807897901832015,-1.288908541880968,0.04687410043082738
20.43,2.4357760678060836,-0.5342512665947694,-1.2970835713704603,0.04917795224885431,-1.2875268520773484,0.046451827374990255
20.44,2.4477862162227773,-0.5364109567331828,-1.2956351837224032,0.04864743712692196,-1.2857994265634838,0.04670828134800566
20.45,2.462430188827449,-0.5382497325111023,-1.2948660886701782,0.050822116559788265,-1.286607821881581,0.04683180042923902
20.46,2.4758962788020282,-0.5428797436900815,-1.290045120467513,0.051599449200455755,-1.2852068753071064,0.046964719489881894
20.47,2.489921522906126,-0.5431579919821107,-1.2910114725206439,0.05057073318342769,-1.284841515685222,0.044640184082641324
20.48,2.5026985240548068,-0.5455874447028156,-1.2877638735197767,0.05118749272023767,-1.2823733350020166,0.046708681761970676
20.490000000000002,2.515935818520863,-0.5511675624485168,-1.2858889846193673,0.05153841922856568,-1.2825982233912614,0.04706335718246946
20.5,2.528438076909473,-0.5501636781977662,-1.2837614416149687,0.05239102361723474,-1.2817860355230235,0.048243701889517335
20.51,2.539415350705214,-0.5542588422949835,-1.2819004535476808,0.051348486928560914,-1.280106877957192,0.04711766060610008
20.52,2.5533810395263266,-0.5572845492899374,-1.2804958463257325,0.051471125892426,-1.2804982199222397,0.04664615217093696
20.53,2.5629786474618395,-0.5578692645970262,-1.2783653189564355,0.052925383773629105,-1.279764186842796,0.04739486676046833
20.54,2.5754669924789106,-0.561785848035687,-1.2760493680134986,0.05358100560888138,-1.278886574264832,0.04763557857448778
20.55,2.586415072971226,-0.5628852226715955,-1.274578628348056,0.0525866358476249,-1.2777909936169718,0.04568853852839797
20.56,2.596519410225301,-0.5653356641032766,-1.2735051450153834,0.0534442053165306,-1.278467963262288,0.04567021250699215
20.57,2.6071545832605363,-0.5683714873949632,-1.273318695699405,0.05330356818261853,-1.2770809434468438,0.047318152321308045
20.580000000000002,2.615893394247367,-0.5702320271648293,-1.2711945357311838,0.052464552243577274,-1.2777413332791827,0.04719122330576834
20.59,2.625357842341638,-0.5706893727919853,-1.26859857132111,0.053224188268582155,-1.2756267886866954,0.04664019553311368
20.6,2.635066751471262,-0.5724068760548798,-1.2694784866531732,0.053628840148208,-1.2753837427494144,0.047448961492031906
20.61,2.642591431987892,-0.5745855283417479,-1.2669869475862008,0.0538858738132804,-1.2762128829059773,0.04616215765575703
20.62,2.6526531710654733,-0.5764916426570619,-1.2655705932393864,0.05419226029416404,-1.2736518695413208,0.04761791044770212
20.63,2.6610654655898784,-0.577712487150478,-1.2637152767729838,0.052993840756699565,-1.2738447998821933,0.046541727806380905
20.64,2.6677517985872914,-0.5784907018158225,-1.2613294247935347,0.054058863629442115,-1.2719575624626174,0.046400750685836864
20.650000000000002,2.673999477642633,-0.5798305863481292,-1.261912878625662,0.05361794546414591,-1.274619914436549,0.04624514828752589
20.66,2.6814371400794297,-0.5822098256992623,-1.2605093092481459,0.0540743589977983,-1.271565409987391,0.047633406342852194
20.67,2.688150630380923,-0.5826139284658955,-1.2590422414079319,0.05404319550268396,-1.2722584468738523,0.047233450145328953
20.68,2.6954569711577263,-0.5845549921246417,-1.2571300172856459,0.05364070339709701,-1.272748147064108,0.047012763448826385
20.69,2.7012482396725224,-0.5870888731306637,-1.2575354186482468,0.055639313132219946,-1.271513055391486,0.04723354425707207
20.7,2.706233175879715,-0.586331674880999,-1.2562725969780595,0.05390891203776905,-1.2709712000102131,0.04723668924241118
20.71,2.712711823817583,-0.5874926733608291,-1.254475688510298,0.05439816014012857,-1.271553153231279,0.04694322384119318
20.72,2.719617902514804,-0.5898612324734888,-1.2542282161550806,0.05410730737093457,-1.27027100135706,0.046615126822443856
20.73,2.723309075282151,-0.5884121530474508,-1.2552211822424097,0.0552185426590776,-1.2686757980521017,0.047714690498527015
20.740000000000002,2.727275195047634,-0.5917523449151779,-1.2539507988469014,0.05502295817464848,-1.269711826277946,0.046015019173700177
20.75,2.7320146449701883,-0.5921782204203787,-1.252800095847657,0.056701596321689564,-1.2704632790193422,0.046280024024337806
20.76,2.735839289778218,-0.5916961505347528,-1.252069170417521,0.05426638488093257,-1.2697226766503513,0.04644913758260184
20.77,2.740856850455546,-0.5906346921982597,-1.2509854117222032,0.055040732758682445,-1.2697604002651666,0.04597429739734115
20.78,2.744734645624493,-0.5930579511777764,-1.2513472337828542,0.05624875677913427,-1.268952169053132,0.04782902226887088
20.79,2.7475808836141713,-0.5944273430059193,-1.2512883870050377,0.055125750041953823,-1.268042294577335,0.04671528427903951
20.8,2.7506738907605297,-0.5957894413035402,-1.249328110683845,0.05558361283436706,-1.2696482955357673,0.046968558449613076
20.81,2.753818294828597,-0.5964664659276521,-1.250535124134111,0.05530272447054639,-1.2665748360251223,0.04658199154441653
20.82,2.7559088333741726,-0.5956168767900567,-1.2497434128723834,0.05555208716347097,-1.268679222711846,0.04686112304317298
20.830000000000002,2.7562626111589745,-0.5962959823678949,-1.2481081722260354,0.05550510217833004,-1.2672027717511745,0.04768381480920774
20.84,2.759669790762103,-0.5972097909535493,-1.2490149743145016,0.05421083816083681,-1.2682670593378191,0.04730840185667844
20.85,2.763011400779489,-0.5965461796833043,-1.2490757976606661,0.054272907981937825,-1.268106799584695,0.047892612925982486
20.86,2.7629078217411247,-0.5968398272189414,-1.2482406586437311,0.05618556391010079,-1.2692253693564257,0.04858697726626863
20.87,2.763519181590537,-0.5968878901264493,-1.2481111618515262,0.05548583300586813,-1.2679586129814626,0.047412618179668374
20.88,2.766093572617883,-0.5968889977208744,-1.2464638811733457,0.055899921841215616,-1.2661805713215557,0.047272858733790175
20.89,2.767664860740428,-0.5976369800537904,-1.2480168943357135,0.055788563915477894,-1.2671751840991095,0.04716547788631048
20.900000000000002,2.7679530522788713,-0.5974232088567477,-1.247427477851718,0.05307827868113159,-1.2660976863184248,0.04693543836084682
20.91,2.7675926106713256,-0.5992977494444302,-1.2475926774370318,0.0551701962996374,-1.268162365864062,0.04660115897310949
20.92,2.7693545514419937,-0.5966569362813589,-1.2464955945549145,0.056652250969843956,-1.2678137226213801,0.047288808461603056
20.93,2.769721811371975,-0.5990924601299648,-1.2475144239211131,0.05642723897820455,-1.2665054985420938,0.04725711902345865
20.94,2.7686539376237476,-0.5988417513591624,-1.2483484842191317,0.0557538876739525,-1.2672132639510039,0.04696267700931153
20.95,2.770159242739733,-0.5982684227079926,-1.246828728481784,0.05464462157739536,-1.2676420927534489,0.04755702358262755
20.96,2.7714962432755423,-0.5989023402954508,-1.246546584391292,0.05646280043618767,-1.2675824644867812,0.04820184881681328
20.97,2.7712719650412967,-0.5974805260426828,-1.246611540268917,0.05775810700952744,-1.2679415584323763,0.04905346879257055
20.98,2.7709474410233628,-0.5975258546790926,-1.2472827481132724,0.05643649499852591,-1.2661561101942185,0.04625105920332992
20.990000000000002,2.7701545708025312,-0.6005680366903952,-1.2471560609668237,0.05498784206575284,-1.2675902119721634,0.04975135492650941
21.0,2.771799066354796,-0.5999561549462574,-1.2465150268428826,0.05639719889828606,-1.2676948708347946,0.047355602737822806
21.01,2.770540839909816,-0.599875140110062,-1.2479000046450637,0.05585035725135885,-1.2673132549300956,0.04658166238295485
21.02,2.7696067760430134,-0.5987783471753366,-1.2462266874100378,0.055633253573302545,-1.2659839002065894,0.046592782022012905
21.03,2.7704685200926633,-0.5990091810881316,-1.2464869072805975,0.05501793590307403,-1.2657180281598635,0.04572466235956351
21.04,2.771797038921766,-0.5986214702462611,-1.2465179186089783,0.056864592675440646,-1.2666515491520889,0.046562931358996196
21.05,2.7708236769273085,-0.5970703215241114,-1.2477743080901433,0.057548677624422825,-1.2670634110843362,0.04682193744844562
21.06,2.769520457953274,-0.5988948547312785,-1.248706302233504,0.05533763084071142,-1.2676294473049239,0.04626239721473106
21.07,2.7709526180473154,-0.5988909096007146,-1.247554835408487,0.05541609258322922,-1.2670901102696102,0.04726389756024724
21.080000000000002,2.769688283836921,-0.5985903466580713,-1.2470442231155567,0.05470562987986869,-1.267651767840458,0.04770556801508269
21.09,2.7707992848205913,-0.5989006817381295,-1.2464094043221532,0.05484482750273005,-1.2682281481168929,0.04698073868142739
21.1,2.771606872992055,-0.5985575360803836,-1.2472403020013045,0.05704751461131101,-1.2676504010222411,0.04915017264471962
21.11,2.7698538213041473,-0.5995828998731226,-1.2471451782105645,0.055482632976674884,-1.2681048686510714,0.04947065073577045
21.12,2.7705780541346265,-0.5982948658194226,-1.247403065697912,0.05519588836241138,-1.2665050315010695,0.04573755216629253
21.13,2.769302662602287,-0.5989158173845519,-1.2458209888083243,0.055373172285854005,-1.2670368392569133,0.0472241978376276
21.14,2.7714311988631213,-0.6000829317199979,-1.2463577509460757,0.05552642793986494,-1.2665928862808227,0.0464850414872938
21.150000000000002,2.770321286969189,-0.5987894539805408,-1.2478747899756661,0.05458262885693473,-1.267906504464025,0.047313386300089806
21.16,2.7696394694768647,-0.5989880435224312,-1.248645668643057,0.055376546925765185,-1.2665067521418474,0.04781538592542324
21.17,2.7702241463003334,-0.5984873728858523,-1.2477227935483495,0.057117590176009814,-1.2655955368056022,0.047343835752045524
21.18,2.772560799886203,-0.5992935710948658,-1.2480917725971277,0.055080736452034755,-1.2675915413900818,0.04921765869218609
21.19,2.7700546423752366,-0.599450191218367,-1.2477840532646671,0.05669485697003475,-1.2665296900428056,0.04677634036007594
21.2,2.7686630695558923,-0.5996848836635965,-1.2454979313902987,0.05630109827495426,-1.2673428741731811,0.04883086460209896
21.21,2.7720089620644437,-0.5987313632193041,-1.2470153342538326,0.05519206844984177,-1.2676483632214308,0.04590293677088314
21.22,2.768999392530436,-0.6002033034575545,-1.2460537374514018,0.054337419513110864,-1.265698336879891,0.046562625050739874
21.23,2.771816123806629,-0.5990185700115853,-1.2483667557926872,0.056820308431943356,-1.2661766414563633,0.04640932134271763
21.240000000000002,2.770010578798809,-0.5994904560722087,-1.2471051793827417,0.05579409868262307,-1.2677066395658647,0.04561271782071178
21.25,2.769793087169748,-0.5980860640613211,-1.2471822992412105,0.055414254147212585,-1.2682122557655562,0.0466676297500601
21.26,2.77152953917248,-0.5996946432935273,-1.246370963181921,0.05574106342675099,-1.2671863623942272,0.0465608985799317
21.27,2.7699930163364237,-0.5987049917988904,-1.2474543676419398,0.05598922907311251,-1.2670008091520786,0.04909604421310284
21.28,2.77054276659793,-0.6003687465217942,-1.2459850743887924,0.05552208930276475,-1.2656442639056187,0.048483623737215625
21.29,2.769859071027565,-0.5980700209771067,-1.2475183236468685,0.0557023481890268,-1.2668100919648022,0.04817127590854434
21.3,2.771081214459856,-0.5986345592009131,-1.2448328038110432,0.0553814596034567,-1.2688025471381643,0.0459654419686477
21.31,2.7715863144045243,-0.5987668922916297,-1.2468611961479488,0.055226558601231296,-1.2677950574397856,0.046513129284880765
21.32,2.770711156648303,-0.5987849800093171,-1.2466203861946725,0.055996215871572164,-1.267771649305806,0.04592701738443953
21.330000000000002,2.768951035373691,-0.5960587482207097,-1.2457100503239635,0.05686952991850404,-1.2679887054969143,0.04720829880825773
21.34,2.769588461733733,-0.5998450076308556,-1.2475138018239558,0.056857314705114334,-1.2666663112588146,0.04635347342346522
21.35,2.770025271169332,-0.5980462667073362,-1.2474982665390364,0.05576945210058147,-1.2670493219478993,0.047541151263815924
21.36,2.7705217837246043,-0.5992704583996743,-1.2474808160323512,0.05471070387631101,-1.2687625232144244,0.04709986283224925
21.37,2.7710123208912805,-0.5999045236192648,-1.2467617859060092,0.056384719904372924,-1.2690028525874248,0.046963873445447724
21.38,2.771736589408896,-0.5982183405981663,-1.2486322817884303,0.056274509560744604,-1.2680525234498796,0.04780327910359865
21.39,2.7696977900532422,-0.5987462795382685,-1.2474690945590856,0.0557027556329326,-1.2678950453408018,0.0470049260840378
21.400000000000002,2.7692740910951024,-0.5982718187276761,-1.246847034798956,0.054289309554873016,-1.2665335167540785,0.04704615973362031
21.41,2.770441164321012,-0.5980327940744269,-1.2467135546063346,0.056716831578488995,-1.267655948627192,0.048102709933452295
21.42,2.7704072719656248,-0.5982570062674593,-1.246647767098879,0.056782741465299574,-1.2667704489408382,0.046813457148088274
21.43,2.769740388934884,-0.5987434186846027,-1.2476633136397994,0.05478178908615241,-1.2692570761122224,0.04584801319486807
21.44,2.772032593899572,-0.5992729045448102,-1.2453389175293563,0.05605181875923647,-1.2674434220653414,0.045890474996959765
21.45,2.770304074380012,-0.5970487581606808,-1.2456407055133434,0.0559393183712903,-1.2684024022499274,0.0463647156619707
21.46,2.769555973257858,-0.5975845994083466,-1.2455760552958914,0.05587094874756251,-1.267664487574913,0.04855150486634654
21.47,2.7694460334869504,-0.5986547756152018,-1.2465959859491569,0.05494706443082828,-1.267954939846177,0.04657714646239813
21.48,2.7715363274119214,-0.5970293993961457,-1.246899824619534,0.05546593512705282,-1.2679234600873668,0.047201523945974
21.490000000000002,2.769819840941067,-0.5987846748601553,-1.2466393863330636,0.05534629773236803,-1.2675654467957547,0.04703816043114488
21.5,2.7700228736240047,-0.5990852359464937,-1.2463348579865619,0.05415474130553357,-1.26602618165563,0.04731827176831764
21.51,2.7708323407598003,-0.5980672502675496,-1.247617898182072,0.054902071632544534,-1.268300824889221,0.04698439247015378
21.52,2.770910171200648,-0.5992094284694107,-1.2464694795625921,0.053633598915151744,-1.2677364708581085,0.04821851949439406
21.53,2.770150799404,-0.5994235643211528,-1.2475732038447855,0.0530575518224891,-1.2682829637880928,0.048122617146932424
21.54,2.769791583174322,-0.5991053914319249,-1.2490348900100958,0.05427682554721138,-1.2663614861786392,0.04773869070803079
21.55,2.769167770852875,-0.5992502782202563,-1.2470254576717925,0.05465618163997259,-1.269148945472551,0.0470610627267903
21.56,2.770799695236752,-0.5981835070534341,-1.2462362112942873,0.05434426553318373,-1.2673494710515165,0.04696573199063656
21.57,2.7702238855931114,-0.5988848143401084,-1.2475763497645205,0.05306648102193413,-1.266386112912291,0.04748797074433706
21.580000000000002,2.7690047128076882,-0.5982871147429937,-1.2473903470821088,0.05533437768019016,-1.2680705682408193,0.04766856023010357
21.59,2.769602022262099,-0.599657168831118,-1.2460123663381284,0.055543896521448075,-1.2675287061553624,0.047804288942537694
21.6,2.7697174207013857,-0.5991085407133173,-1.2467332130984858,0.05435489429102555,-1.2672070546830438,0.04654051734211172
21.61,2.771046540669946,-0.5982229462523282,-1.2466382383131027,0.05429766403196623,-1.2674902295038593,0.046172641117357104
21.62,2.770267830175896,-0.6007204626733118,-1.248344629815206,0.05673762756955658,-1.2670779403481873,0.04689123742578728
21.63,2.769506971848181,-0.5996461900394771,-1.2468253311528446,0.05540012423906905,-1.266050295714221,0.04703876323737932
21.64,2.7703512432964033,-0.5999116978596463,-1.2473147694544369,0.05585445413830837,-1.267725316903253,0.04677620915737489
21.650000000000002,2.7705852824661727,-0.5973780673075448,-1.2468734903586793,0.05669849089513817,-1.2668575495937038,0.048146276832153286
21.66,2.7697679189911297,-0.5988805783050191,-1.2471769533222936,0.05617671682033687,-1.266708489360869,0.04730913211424529
21.67,2.771065070817455,-0.5991915994526724,-1.246227362328933,0.05658646096694952,-1.2668087729046693,0.04731708522392175
21.68,2.7709224920390882,-0.5994801660722971,-1.2468268962687603,0.05596224486286683,-1.2685602212889415,0.04761415288959561
21.69,2.769210200073815,-0.5990734291614025,-1.246965302017344,0.05506231220620189,-1.267327958010763,0.04725808193116652
21.7,2.7695842564964392,-0.5982043487813141,-1.2476668523491612,0.05769663430201895,-1.2674955382964166,0.046177853033029605
21.71,2.7694409997607337,-0.5976985471229724,-1.2473570521713777,0.054509891566691594,-1.2666549950848187,0.04683734336864795
21.72,2.7708702160932903,-0.5978835646241252,-1.2467604853785559,0.05779082363137958,-1.2689051217625371,0.04648620390347857
21.73,2.7700766414849585,-0.5967267538483425,-1.2454309468468865,0.05682459493382027,-1.2680930038717466,0.04660875685301067
21.740000000000002,2.769576944966818,-0.5993836689322483,-1.2456973694921674,0.05548727305443136,-1.2674973005041485,0.04787577995578768
21.75,2.768848297982704,-0.5986540578540719,-1.2479572011568694,0.05544307451346299,-1.267911748595571,0.04664325677087124
21.76,2.7704968572629816,-0.5985069548889356,-1.2471918296522904,0.056023483113539385,-1.2681580091834297,0.04779479587749024
21.77,2.770120057407448,-0.5991220760815615,-1.2476935579011728,0.055489340975445174,-1.265767559292549,0.047144748312492955
21.78,2.7693013195161416,-0.597898179102725,-1.2474118352519177,0.05594762644540657,-1.2679285385377193,0.048317685566919226
21.79,2.7697844648579126,-0.5974801387899275,-1.2479156525955715,0.05544439095845742,-1.2661782732010942,0.04734675969697117
21.8,2.7722822279765715,-0.598934869349475,-1.246775687794856,0.05736255637696125,-1.2687211472377269,0.04577079347981679
21.81,2.769605788154058,-0.5979901984261444,-1.2484048601808135,0.05622102359164666,-1.2669403616994437,0.04895788709946953
21.82,2.771212357711508,-0.5983823062356498,-1.2458139327654645,0.056170282406221406,-1.2678014868621539,0.04620114302765746
21.830000000000002,2.769803134778398,-0.598734971052744,-1.246847267628753,0.05383669033196482,-1.2675916025375604,0.0472249422992342
21.84,2.770777816559556,-0.5972803484162957,-1.2468379867269257,0.05490625665277838,-1.2689865735653238,0.047799530160817096
21.85,2.7695415782044828,-0.597943542033525,-1.2457805208655524,0.054352540571835126,-1.2669166375573682,0.04832802585227434
21.86,2.771189279571672,-0.6005294361772596,-1.2477449519424018,0.054582831757740445,-1.26694318384391,0.04756069552329864
21.87,2.767945645193356,-0.5989625251143141,-1.246301240128727,0.055829133413038155,-1.2672723580333989,0.04688148292088829
21.88,2.769375899699704,-0.5987148840141765,-1.2469545398878612,0.056236910855879424,-1.2667921891540577,0.047274928223241676
21.89,2.7712554877984816,-0.5990271834952958,-1.2482601491612049,0.05611630786200341,-1.2672897130334353,0.04763365455527697
21.900000000000002,2.769196558037059,-0.5971372356010951,-1.2463799696769102,0.0554486753008279,-1.2682163368697612,0.04813999367805643
21.91,2.7693385244852005,-0.5967265869109297,-1.247535122259537,0.057201424039629974,-1.2675609837466568,0.04857946173544892
21.92,2.7696587062493334,-0.5986835621587604,-1.2462977237267654,0.05627777129687593,-1.266439404086119,0.046774600329252645
21.93,2.7703740092669746,-0.5976105754502276,-1.2476154515286402,0.05619963633096891,-1.2675912533886793,0.047379659050223406
21.94,2.7703737839829854,-0.5993879068209597,-1.2472274977270037,0.05582647724955345,-1.2674896435999172,0.04857247102941949
21.95,2.771181352488263,-0.5984469442767357,-1.2476659706781241,0.054980904196695844,-1.265677524931108,0.04631870870363007
21.96,2.7703993612610898,-0.5983850128251887,-1.247271681137886,0.05482541222661215,-1.268084951531925,0.04672308441655877
21.97,2.7696808506707415,-0.597541345379656,-1.2470079639316807,0.055242897307970114,-1.2673066614986512,0.04778290149027678
21.98,2.7699992625731022,-0.5979128728303889,-1.2481092848244315,0.05672215524604999,-1.2674078123902393,0.047158101319015336
21.990000000000002,2.7696952309137304,-0.5997715013749251,-1.2484544456415285,0.055034351783471575,-1.2668871583687347,0.04636112632512036
22.0,2.768948724043129,-0.5994933091394893,-1.2473358304230913,0.05539849330474379,-1.2675124802815654,0.04810111903077966
22.01,2.7713872800281627,-0.5969493450268382,-1.248418435222085,0.05495304392947208,-1.2667906305258394,0.04680377780840907
22.02,2.771028151140215,-0.5985148227257299,-1.2456253468345753,0.05660949326528628,-1.2664754683914672,0.046840532844120465
22.03,2.7701378198316142,-0.5989515228647474,-1.2483257366105398,0.056982859686154255,-1.2667541494877985,0.04689876845404378
22.04,2.7712570290906813,-0.5992151398590093,-1.248631358077247,0.056575564275049756,-1.2685266287375672,0.047028827675871826
22.05,2.770128186192545,-0.5982958557009737,-1.246312513309983,0.05620004305321053,-1.2669412061795162,0.04650930700513633
22.06,2.7699536849617754,-0.5998976388932138,-1.2457274632133237,0.05446429248368589,-1.267738471003899,0.046047981523102396
22.07,2.7687124449754195,-0.5985051687842543,-1.2476043328366064,0.05668004494600393,-1.2672589499712172,0.04679432752009603
22.080000000000002,2.768775691393599,-0.5973643731910546,-1.246418538892159,0.05467883416847758,-1.268078350910994,0.04761180297906945
22.09,2.7686194287169656,-0.599233408968674,-1.2466453367246215,0.05488385207702807,-1.266381400271932,0.047658457989189336
22.1,2.76660497657262,-0.5986400870218063,-1.2478839577853,0.05578682407170095,-1.2677402567359164,0.04619550822081978
22.11,2.765507896013289,-0.597531995304029,-1.247287834095073,0.05572250617281511,-1.267378026280963,0.046653467210211325
22.12,2.765854870755524,-0.5955973283643012,-1.2466675451812648,0.0553586690622087,-1.2681327622205019,0.044695520607480464
22.13,2.76542261812613,-0.5968941095862558,-1.2483482159390311,0.05433751126760664,-1.2687563729080997,0.047577371394505796
22.14,2.7630223813161523,-0.5967092697469321,-1.248007161002286,0.05640351922855839,-1.267508983629752,0.047910324686816094
22.150000000000002,2.7596908206765054,-0.5980843958562544,-1.2486390269992809,0.0564710952496788,-1.2662854771146903,0.047040892050981754
22.16,2.7591880460661997,-0.5983678544291909,-1.2478370276220005,0.055013968781070746,-1.26545235502027,0.046535742259302244
22.17,2.759549543487713,-0.5956215839872282,-1.2497901092921881,0.05565757240855359,-1.2674812627997158,0.046980813955298725
22.18,2.7562079031432565,-0.5951318308089474,-1.2487085561945115,0.05539709606173391,-1.2693137418975435,0.04710635874554885
22.19,2.753159104699743,-0.5970049159981708,-1.2494528580709245,0.05527889696505152,-1.2695680379942431,0.04687832374919106
22.2,2.7500180067243716,-0.5931602507757898,-1.249816750505758,0.056214640041754596,-1.2687020692486302,0.0455287473436862
22.21,2.7479091319162143,-0.5948471390657668,-1.2507479593447615,0.05433386391660175,-1.2687136204686233,0.048088259292986775
22.22,2.7449083481020256,-0.5922665880641882,-1.2494325548367862,0.053404561062714476,-1.2700122187724459,0.04557497115404843
22.23,2.741150099916549,-0.5935820806615095,-1.2518930219741058,0.0549328636295157,-1.2688462437736405,0.04585044799051948
22.240000000000002,2.7357295756172784,-0.5922496366467321,-1.2509869898947603,0.055026326670990576,-1.270096931199507,0.04526519489876929
22.25,2.7336076358143835,-0.5921122898769499,-1.2536436921088931,0.05347271915552322,-1.270904772048862,0.04629376291821073
22.26,2.7282283614868788,-0.591688781067392,-1.253132821133569,0.05467009130131651,-1.2679699444045704,0.04563737655693975
22.27,2.7239448083078504,-0.589589456104202,-1.2548908532113476,0.05487810416307195,-1.2695150658417083,0.047200664466487
22.28,2.7200802835961477,-0.5906914583530237,-1.255468090787786,0.055986215838581634,-1.269686348126423,0.04757928421387928
22.29,2.714712584915835,-0.5894547826336143,-1.2548260849646413,0.055525914792282166,-1.2713708587952521,0.04939263391253366
22.3,2.7082634277952877,-0.5886275634763788,-1.25602135147702,0.053860963303658985,-1.270111673522488,0.04756640149996679
22.31,2.7017130595850927,-0.5842743246009755,-1.2564149884054219,0.053652655570709466,-1.2716120513259581,0.04752880134161754
22.32,2.6957428766214684,-0.584687679512452,-1.258131150445345,0.053324892352472696,-1.2737978555876888,0.04727529780367987
22.330000000000002,2.6878305978094117,-0.5840111117770953,-1.2606857630358737,0.05269002601192663,-1.2718665727184848,0.046860944005457976
22.34,2.6825225838692517,-0.5829791655421752,-1.260737334416122,0.054324372829616864,-1.272692727078318,0.047760612742156774
22.35,2.676445614753564,-0.5806743201764007,-1.262855719217461,0.05319648976409683,-1.2731607256067101,0.046352244478889935
22.36,2.6672093869029694,-0.5789533433526558,-1.2602422907429935,0.05328529154102676,-1.2735258470142954,0.04587146187054136
22.37,2.6614098987963515,-0.5767470387948649,-1.2628336000398206,0.054746044066351626,-1.2743640968770749,0.04673849666911079
22.38,2.6536790445360907,-0.5753902503329262,-1.266697055934828,0.05379790449889996,-1.2749865313875848,0.0477715872399652
22.39,2.644070628256162,-0.5758288743621429,-1.26579980986103,0.05341989389861727,-1.274669506549496,0.04747480550400925
22.400000000000002,2.6362116845748305,-0.5722516457196736,-1.2673388973235546,0.05406643067633251,-1.27355743150524,0.04775528587744703
22.41,2.6259413618176994,-0.5704733930946085,-1.268510523272869,0.05290280234602293,-1.274173201425668,0.046286633030796484
22.42,2.617287330604104,-0.5691337358075906,-1.2714516506173283,0.052537743634424414,-1.2771081042435273,0.04742730039004139
22.43,2.6065398643329702,-0.5680238466120895,-1.27035255140367,0.053462276481930734,-1.2758353601825405,0.047112417304432296
22.44,2.596272414757412,-0.5645610535028889,-1.273667415411955,0.052426761419076914,-1.2779814803542273,0.045612385161380435
22.45,2.5859213050667127,-0.5635379902545354,-1.2749530284220136,0.052426475173460906,-1.2773465886434823,0.04612783263590562
22.46,2.5746865965529873,-0.5617341932327555,-1.277094282245862,0.05137935837626033,-1.2792775825901601,0.04736033571597134
22.47,2.5640948531416696,-0.5598375671562228,-1.2769193158313954,0.05250505105468455,-1.280561740365569,0.04789724404374979
22.48,2.5526013623101123,-0.5568362040586524,-1.2794653040135076,0.051434582303073795,-1.279988818673288,0.04697180869845672
22.490000000000002,2.54018988597162,-0.5561878490958132,-1.2810968434629757,0.050900698610994104,-1.2804947159941278,0.047207427651589244
22.5,2.528018480741199,-0.551183836892834,-1.2832069841152849,0.05113284438670431,-1.2820230633733105,0.04823441389096713
22.51,2.515208258520286,-0.5499513966323551,-1.286343792361174,0.051381098263096996,-1.283159196737691,0.046332607875726184
22.52,2.502562033604675,-0.5471454363123377,-1.2882828562435589,0.04853981884403697,-1.2830199517039513,0.04487533476727231
22.53,2.4906171644866135,-0.5433080720484604,-1.2893107131801818,0.051375652422932634,-1.2842281459915257,0.04809175173226721
22.54,2.4760113360567937,-0.544138022032075,-1.2912614389135835,0.051470073725294725,-1.2845469715907962,0.04622225823186037
22.55,2.462916263134633,-0.5385716862216801,-1.2933385197013165,0.052003328590688576,-1.286291245341651,0.04752205910915507
22.56,2.4491993697714296,-0.5373141361495171,-1.295753603018363,0.050325482829030835,-1.2865581084262947,0.04691690238960467
22.57,2.4327010022178257,-0.5333552989800733,-1.2972986652498617,0.049100851749428756,-1.2872329088210925,0.046238886222547244
22.580000000000002,2.4188990963213794,-0.5313040004012414,-1.3001668392920942,0.05077311447116348,-1.2876338886413963,0.04572441236319235
22.59,2.406176399779063,-0.5285773827703745,-1.3019940002555526,0.0493611056247563,-1.2910487571203773,0.04633573697875635
22.6,2.388583863829372,-0.5250698018690847,-1.3039996907315532,0.04821243848484742,-1.2903554106232211,0.047444566470938754
22.61,2.3737375637488096,-0.5222049947196513,-1.306540780016573,0.04957814134267391,-1.2910323632732075,0.04603807676849055
22.62,2.355908969437747,-0.5204290194159753,-1.3094681651989613,0.047571973364703965,-1.2926208348113069,0.04676488169687984
22.63,2.3408941957752747,-0.5168573326537665,-1.310959615817445,0.048546549012276285,-1.2940721439030591,0.0466420539246659
22.64,2.323263386316549,-0.5141737501226894,-1.314483775219872,0.048021451394410705,-1.2947722781200948,0.04568760769577261
22.650000000000002,2.308218150875604,-0.5096293731787196,-1.3171721685431088,0.048438542713252576,-1.2953275345158626,0.04646883581885701
22.66,2.2908276718439105,-0.5060006785369459,-1.3179668208817386,0.04782600005398792,-1.2967805306109947,0.04729978005046638
22.67,2.2743860342819984,-0.5022062892680694,-1.3217218502791512,0.04587476757819055,-1.2963339272056713,0.04714124866593865
22.68,2.257742991704839,-0.4995059097500203,-1.3243708759351385,0.043550158920406576,-1.2996071947762138,0.04593257698193385
22.69,2.237634309507891,-0.4955426437347979,-1.328094547766676,0.04491320962773627,-1.2996700009133024,0.04729601484293869
22.7,2.220037280559571,-0.4923849094482073,-1.32949124949792,0.04578806134582042,-1.2996052768370276,0.0461831066214094
22.71,2.200821378444243,-0.48946244522747756,-1.3324261292311945,0.044893839026971596,-1.302085632372927,0.047175093175779545
22.72,2.1838143436140323,-0.48649913903152026,-1.335590282143917,0.04596714354904358,-1.301970933429091,0.04706118226441589
22.73,2.164168093490441,-0.4826890293253202,-1.3386007564390114,0.04408060749083336,-1.3038248326452715,0.04568542264409894
22.740000000000002,2.1458145140552976,-0.47913062063952766,-1.3410117361903442,0.04452240766002042,-1.306128875796722,0.04638090900372899
22.75,2.1281792604191687,-0.4749063941039822,-1.3441969745174078,0.04398460198535,-1.306815469102404,0.04602432632248146
22.76,2.1067047026469585,-0.4726477593232626,-1.346779612622795,0.041698652933227394,-1.30712723162623,0.046982385966775946
22.77,2.0896692610146648,-0.46716522471904315,-1.3486988971865943,0.04276859003446404,-1.3086237326675485,0.044294509249979956
22.78,2.0697185380088583,-0.4643566247918814,-1.3513516965838483,0.04250442222132253,-1.3103249343851464,0.04621097478224846
22.79,2.0502250011804137,-0.4582599090478042,-1.356003473206722,0.04102661663910725,-1.3105805523802792,0.045758448521564896
22.8,2.0292992243769357,-0.4550796107228727,-1.3600569193842948,0.04165674967022863,-1.312029630346385,0.04589913495764838
22.81,2.0081897721816073,-0.4507715137569938,-1.3607762946916921,0.04020747314106345,-1.3131399228758023,0.04543890636424679
22.82,1.9860645802819992,-0.44797469317487076,-1.3630932871333177,0.03896984982980245,-1.3143348237172252,0.04574460002981189
22.830000000000002,1.9671904359001595,-0.44475161720724654,-1.369043298043185,0.0388600069694358,-1.314386568465202,0.04489903490044959
22.84,1.9457657528329395,-0.4380791928047901,-1.3715586881669073,0.03995821458348744,-1.3158625507030062,0.04660571365244801
22.85,1.924165388822641,-0.43651636786885206,-1.3737928907103902,0.04093649407728621,-1.318706509568413,0.04525106683561461
22.86,1.9046907365814512,-0.43130635210846524,-1.376621269297452,0.03810571650685345,-1.3197650332920103,0.045832149627567126
22.87,1.884303031201715,-0.42798529669171276,-1.3804106059638679,0.03753786061594447,-1.3189407398257997,0.045740756931396384
22.88,1.8629068167781808,-0.42365957915034375,-1.3835098204899992,0.0367105557876844,-1.323716298152064,0.04666047698899073
22.89,1.8406955865076842,-0.41939404105495337,-1.3878829101612675,0.03681640242116864,-1.322191276748138,0.04704820572072888
22.900000000000002,1.818651219145125,-0.41485836478729643,-1.3898500754006922,0.03708209147008514,-1.3227867856867943,0.04509563983007225
22.91,1.798755245147023,-0.4109649305324919,-1.3932666892318692,0.037965692791844724,-1.325439550334603,0.045368317130782015
22.92,1.7772771946094064,-0.40604596174829904,-1.3954508531662837,0.03295521863347025,-1.3266031193520875,0.04559876575143797
22.93,1.7543741897222236,-0.4024289543188937,-1.3995306757781703,0.03651769633231182,-1.3285197680783578,0.046682135187860414
22.94,1.7333545218638635,-0.39830081790411437,-1.402594687158175,0.036513157593277334,-1.3286966772829483,0.04523727143042909
22.95,1.711756720806854,-0.394425449657665,-1.404628043640228,0.03603720870818965,-1.3314396967255187,0.04733047589321046
22.96,1.6872321650746132,-0.38981579571128616,-1.4101903936665523,0.03629694303563736,-1.3319812363996595,0.044564614857981494
22.97,1.6669730031423236,-0.3867829242814996,-1.4131368332136203,0.033942120746004355,-1.3341675582043948,0.04545372927926637
22.98,1.6456597208907997,-0.38281218961456126,-1.4176082447790046,0.03407425822331649,-1.3343596371671371,0.04581596333999376
22.990000000000002,1.623894529429399,-0.3763497642115462,-1.4185848013062674,0.0357151253341147,-1.3334308249335,0.04360513843796712
23.0,1.5995826348381088,-0.37350645012417105,-1.422309974195163,0.03288377783699723,-1.3368360102331822,0.04486416930034378
23.01,1.5789808746727514,-0.3697515431407235,-1.4262197726740171,0.033259569320900045,-1.3391881113281405,0.044808454859865544
23.02,1.5581792946663862,-0.36523073431367353,-1.428364353915874,0.03129468191044455,-1.3410678390365927,0.04528710997951949
23.03,1.536147244589025,-0.3615949180012715,-1.4314574993606315,0.03335090436635688,-1.3419358551126603,0.04627986054117804
23.04,1.5118546566371278,-0.35568892224355403,-1.4366657359766608,0.03209735322835931,-1.3435370202386847,0.044882901270569445
23.05,1.491400528807178,-0.3526093072285127,-1.4376022121898937,0.030726546024589206,-1.3421646648191001,0.04456676790457516
23.06,1.4716270454652463,-0.3496444227621294,-1.442724500066356,0.029928916646262755,-1.3439698306435666,0.045025976450222605
23.07,1.4467731900308978,-0.345182216370032,-1.4466256599792509,0.030788914874602048,-1.3459115711577385,0.04456312609263397
23.080000000000002,1.4264479306846536,-0.33923868459796913,-1.449985930808613,0.02995142357227348,-1.3475876707990242,0.04454671679498367
23.09,1.4056745203749639,-0.33561312070075267,-1.4518139690849603,0.027967394169250138,-1.3486710054108293,0.045643412640149546
23.1,1.3840866999513872,-0.3310309956942504,-1.4555800192625177,0.029490561588076974,-1.3504401363269642,0.043707099375080036
23.11,1.3630883057587095,-0.3288518780482113,-1.4584603229844577,0.02796022772612984,-1.3521727533631112,0.04482044469036382
23.12,1.340414730979674,-0.3228673465440073,-1.4618662055462355,0.02734148711996053,-1.3518928136765487,0.044810722944507726
23.13,1.3203490208884583,-0.3179866130567994,-1.4638869698371595,0.02797280618440743,-1.3545974071335884,0.043346210964638365
23.14,1.2988557828369098,-0.3141976890637346,-1.4679758990869491,0.02404973201739347,-1.3548399938314841,0.04536879700787905
23.150000000000002,1.277409725640716,-0.31024364130643917,-1.4708952437398692,0.026048673692197735,-1.3557486143325896,0.04341209229915631
23.16,1.2567483415144776,-0.3072211791402359,-1.4753024014475637,0.026505695595492113,-1.3569655858924157,0.04556952961858892
23.17,1.2366921768289918,-0.3045684903878212,-1.4788661838725363,0.02598194953474337,-1.3593818484336802,0.04400875316488069
23.18,1.217130440390072,-0.29902837018726514,-1.4803235165221724,0.026298210506442786,-1.3605382138640112,0.046667538494216655
23.19,1.1942068419372243,-0.2957112950812669,-1.4846931906302978,0.026401929499627025,-1.3611112737456181,0.04389482275680553
23.2,1.1739938696463437,-0.29006643104924484,-1.486604207925166,0.02587434186908228,-1.3630791462107037,0.044779646780835854
23.21,1.1548983129076462,-0.28794462115124686,-1.49006974284909,0.02321856330381504,-1.363800810063784,0.04496142835456784
23.22,1.1355649229628089,-0.282977219427851,-1.4930534926067203,0.025218380690244725,-1.3646481113943414,0.04547303039049534
23.23,1.1162153686554812,-0.2798627619595887,-1.4955731805294028,0.024155506193545374,-1.3676134124192545,0.04324233689100596
23.240000000000002,1.0942539988784703,-0.27607854676363774,-1.499143892675616,0.02184596791450355,-1.3676526131760058,0.04410721769716525
23.25,1.0770567968321092,-0.27049681116164376,-1.5013662288191618,0.0221140173252856,-1.3683790530267912,0.04416398991413139
23.26,1.056658226475134,-0.2693141945998527,-1.5050503116006084,0.022193904274741022,-1.3693898809122453,0.04456740528864161
23.27,1.0395160661281888,-0.2643236169973762,-1.507123629531041,0.021713069993861543,-1.3721323698426149,0.043590087051280736
23.28,1.0185868171256605,-0.2635389592327236,-1.5111897943589094,0.023014019186971397,-1.3720276231184558,0.04372518963411625
23.29,1.0010460645842874,-0.2594444538765621,-1.5128451086556465,0.022370573421543284,-1.3735636995146983,0.042474178294821655
23.3,0.9820706997380336,-0.25310391980959557,-1.515612267734692,0.019662497514078957,-1.3724866243303475,0.042893557035098874
23.31,0.9641928436225133,-0.25165218338607925,-1.519452743496686,0.02015474353374595,-1.3750780475222129,0.0450815229703389
23.32,0.9462863619420208,-0.2482023413686761,-1.5208047330781396,0.02064649572182641,-1.3764891273735955,0.04416400196918278
23.330000000000002,0.928995419969008,-0.243857614327332,-1.5240168500262135,0.020795972397127466,-1.3758048099462539,0.04404865466324501
23.34,0.9118159739977624,-0.24039209268132297,-1.5270296204236904,0.02019338996801611,-1.3783996726333905,0.04349391548351547
23.35,0.8956005430220111,-0.23732169356653346,-1.5298595220335327,0.019501595349754527,-1.3795972237385477,0.04466840871962026
23.36,0.8787998451141061,-0.23420834509864719,-1.5319419934610035,0.01887046650259202,-1.3804902242784824,0.04422236562178683
23.37,0.8618727191365727,-0.23101991452058926,-1.5331358646271374,0.017960033713966258,-1.3796303544082738,0.04443653281629264
23.38,0.844441197958888,-0.22766068392143513,-1.535765098205822,0.017928567937496726,-1.3840687957030302,0.042834794884537467
23.39,0.8299985976943633,-0.22629004686724738,-1.5400949702877653,0.018392450736383507,-1.3839111610843335,0.043105799285858115
23.400000000000002,0.8134840727556847,-0.2230347591858966,-1.5407546146282995,0.016916297970210215,-1.3851200239797874,0.04398756312152122
23.41,0.798376653937923,-0.2194152818994648,-1.5452164076260717,0.01764267815438782,-1.3855014478269674,0.04320591321691636
23.42,0.7826790697990561,-0.2158959471820986,-1.545318963691699,0.017115067260308738,-1.385040872195261,0.04424547084320815
23.43,0.7687777247859828,-0.21242796444429418,-1.5479081551081746,0.016782814352788902,-1.386220862787869,0.042820300617762444
23.44,0.7544858874073813,-0.20925836065381248,-1.549847145858914,0.01614091636095,-1.3897044455794616,0.04159686938216671
23.45,0.7421825671627159,-0.2073116201312676,-1.5527458947038038,0.016493587796314015,-1.389887288703329,0.043263768896287455
23.46,0.7257694133657829,-0.2061590405317856,-1.5561452431391893,0.014526186245439013,-1.388994938788028,0.04266682043805729
23.47,0.7135949927678868,-0.2014970235792148,-1.5563181306194684,0.01539782005872797,-1.3905769373305719,0.04314027959936318
23.48,0.7010374631084669,-0.1981622437587886,-1.5570434379028832,0.013524987239217068,-1.3918620039665115,0.04348386772080892
23.490000000000002,0.6875733931381748,-0.19883755631721775,-1.561757427860264,0.016293483428810603,-1.3927367477582795,0.04215920180308914
23.5,0.6737150167072935,-0.19458268409143253,-1.5628320660816726,0.01512081908816787,-1.3938515616854643,0.04191266387317221
23.51,0.6637586604310843,-0.19223253200529397,-1.5642343555528706,0.014218251713380089,-1.3924480307860185,0.04392912048243115
23.52,0.6516847284427805,-0.19080969690185828,-1.565677997301064,0.014793913201804567,-1.394915536320112,0.04330828744030562
23.53,0.6386754924428271,-0.18773646971627586,-1.5686044501773448,0.014718242160462188,-1.394853544053183,0.04319357406893437
23.54,0.6284119787098712,-0.18625193800561501,-1.5697149863790494,0.014476272920413561,-1.3952815862651566,0.04290825696113022
23.55,0.6166723850869424,-0.18400650043989805,-1.571240354078046,0.015121904577704653,-1.3961667395443136,0.043344216837816696
23.56,0.6058824461675981,-0.181180084202266,-1.572870252572468,0.013017107465504822,-1.3963975940480862,0.04365062471009459
23.57,0.5943551399701603,-0.18000572104318865,-1.5737542154929451,0.013092691349097034,-1.3975406015613892,0.041715122671281094
23.580000000000002,0.5842499833260433,-0.17882735171964895,-1.5750939517451448,0.010383612911280534,-1.399005180498219,0.041598805422451667
23.59,0.5770268574420483,-0.17444056337126046,-1.5769555582037564,0.0129195440896013,-1.3981049634253675,0.043278288065756794
23.6,0.5679061762872757,-0.1735785168811743,-1.5777293207762857,0.013087233492270546,-1.399506516529936,0.042941265573878534
23.61,0.5600859677147065,-0.17298365476439398,-1.578391120725307,0.011750105876107253,-1.3986621000572699,0.04363937084886027
23.62,0.5499678998070501,-0.17061342258399792,-1.5813070767814448,0.012528173158244962,-1.4008457582216969,0.04309622779547633
23.63,0.5434967266718933,-0.16903711711736943,-1.5829453308474275,0.01140851165496438,-1.4006725325097318,0.04349708126297829
23.64,0.5342817155783889,-0.16659710156552027,-1.5824269614536168,0.011642765641468844,-1.402006888218971,0.042984766298417715
23.650000000000002,0.5271069893007243,-0.16544957896241394,-1.5834015148408767,0.012073816921930458,-1.401232940170292,0.043888324106384144
23.66,0.5203027612705619,-0.16481782431642866,-1.5848164754240361,0.012329662537562104,-1.402932362187282,0.04256589247771096
23.67,0.5131819132076848,-0.16447215889016495,-1.5876457569810971,0.012361314195784266,-1.402359064084474,0.04197623769045031
23.68,0.5067290042224257,-0.16276495873202967,-1.5871780244549418,0.010700867475792995,-1.4042321826149964,0.043586931914473
23.69,0.4994265205875976,-0.16161757595784432,-1.5885497416973593,0.011417262079427644,-1.4032000953090362,0.04451730968658869
23.7,0.4935120987369869,-0.15952102676094868,-1.5913381972770997,0.012627082730930762,-1.4055544161215208,0.045237925290582126
23.71,0.48902346194853175,-0.15809165797968208,-1.5890335091432424,0.010922014807813086,-1.4044179059558508,0.04237124930014674
23.72,0.48481499828126073,-0.1585784782325494,-1.5914815944726044,0.01166987516523095,-1.405200692898253,0.042805310027888545
23.73,0.47928957657831983,-0.1578193213870905,-1.5919374349259103,0.012444544775856149,-1.4048915652130343,0.04276970651069318
23.740000000000002,0.47441037815696474,-0.15596945826774894,-1.5931073342952726,0.011387658241561254,-1.4047677562949392,0.04151431994657914
23.75,0.4717895138638422,-0.15425513132097,-1.593556258450338,0.009950875262536733,-1.405052067847906,0.04182311898079537
23.76,0.46736242024346486,-0.15515803520378696,-1.592051613394668,0.010132082254711027,-1.4055918370131173,0.04416599099201772
23.77,0.4621192837390827,-0.1537853024548394,-1.593080343752897,0.010292876512840478,-1.4068209753914782,0.04178039973567139
23.78,0.4594147605726426,-0.15300992731655494,-1.5936330401732284,0.010470927735102562,-1.4071779654617442,0.04099392030709482
23.79,0.4581803664842433,-0.15226741013154352,-1.5949255336904984,0.010890404384325304,-1.4073719564585576,0.04234762751486936
23.8,0.4542311985341333,-0.15158090761201556,-1.596157524664306,0.009518881660550656,-1.406750772006711,0.0427606868322132
23.81,0.45178275796315764,-0.1517965415127901,-1.596937536018145,0.010485487785674567,-1.4062328028802331,0.04191358565321902
23.82,0.44787433036115415,-0.15010113405440928,-1.5961500267673652,0.009792957650065768,-1.407073113278663,0.041579025896315736
23.830000000000002,0.4451708623427991,-0.150454135595071,-1.5973896802146,0.012137718970783841,-1.4060541864119973,0.04145812305837412
23.84,0.4417316588032882,-0.15119690022807822,-1.5955365075741867,0.011183375227731867,-1.4054490547660563,0.04302791537859997
23.85,0.44130277260521333,-0.15108143125845594,-1.5968737730228986,0.010199817220219178,-1.407178241234573,0.04442780092345802
23.86,0.4397893968476553,-0.14852570193960202,-1.5988032597089208,0.012685957462429832,-1.4073942411464833,0.043630070204821604
23.87,0.4392659591839067,-0.14985347337198546,-1.5969116249051625,0.01107318174411176,-1.407774124102425,0.042398439002101336
23.88,0.43734523052873536,-0.14928819510890248,-1.5965917162875396,0.01090284075361528,-1.4072854219473465,0.043537177910680756
23.89,0.4344893416076503,-0.14952585157387163,-1.5977112059059866,0.011242932738631022,-1.4071113839708786,0.04427897753492123
23.900000000000002,0.4361646534115893,-0.14924776731422018,-1.5982151188537799,0.010609109845570466,-1.4077292550644425,0.04434116689540471
23.91,0.4337213957253559,-0.14840736692897033,-1.5975591285819613,0.00996517947478764,-1.4078509873422094,0.04293718010462183
23.92,0.4348163387599093,-0.14900743703157796,-1.5992211313461948,0.011231475389292641,-1.4070671778553436,0.04388205082811659
23.93,0.4343130066770817,-0.1465808004246874,-1.5973840989972288,0.009586619666853648,-1.4070326553188068,0.04251520684792914
23.94,0.43290679114315944,-0.14964884044214385,-1.5986589953291463,0.010687370952459772,-1.4075214695950382,0.04204170366590588
23.95,0.43172260499759285,-0.14652482908467476,-1.5981633608126677,0.009487709425768398,-1.4070759399743,0.04491105713654559
23.96,0.43342289819494756,-0.15076713522723478,-1.5961581557172673,0.008589759685500856,-1.4076689048873432,0.042011244161048254
23.97,0.43213135587115614,-0.1480666667582602,-1.6002957111495273,0.010122747150637768,-1.4064941322288744,0.04226427257727933
23.98,0.43150977417069736,-0.14842600334511247,-1.5987917961639748,0.009681014069984431,-1.4085356475150101,0.04345311539088428
23.990000000000002,0.4332223655384152,-0.14923051099491513,-1.599308745368694,0.010319168184191301,-1.4083419228169134,0.04315591720301376
24.0,0.43398111227484115,-0.14835220513774025,-1.5995590800733954,0.010542174851842464,-1.4076550329980928,0.042868963265036794
24.01,0.43311479745708864,-0.1476969561033544,-1.5984690185160453,0.010147046434113504,-1.4056992203369865,0.044047681006445835
24.02,0.4334274062113727,-0.14818550121230983,-1.5993776765448016,0.011183830218835384,-1.4073740796024208,0.04249632501841488
24.03,0.4324878199270051,-0.14914315334781117,-1.597577306346147,0.010796062300684669,-1.4073414957758914,0.042962662543394224
24.04,0.4321060043488068,-0.1501588390470123,-1.5997330113218353,0.009551919682539862,-1.4082792601737881,0.04325251478125888
24.05,0.43340816188283815,-0.14841208436292563,-1.5972704880297512,0.0095167928543429,-1.4076182784560225,0.042955505292265064
24.060000000000002,0.4336531123741715,-0.14820759608911682,-1.5983834391331324,0.00875587695195763,-1.4082853167518257,0.04395639878103704
24.07,0.4308889222197218,-0.14712801781924967,-1.5980639604756228,0.009547664579558541,-1.4082260997088079,0.04465453312264946
24.080000000000002,0.43393168392024156,-0.1484042317362278,-1.5983825465587551,0.009636100384354898,-1.4073823787903998,0.042411908089656565
24.09,0.4326314582811843,-0.14672018958887592,-1.598583438996173,0.009285428376941506,-1.4086923845522277,0.04311093117018807
24.1,0.43203599371458146,-0.14808479816133208,-1.5999132830610663,0.010802356875534155,-1.4084251683813385,0.04304040198045195
24.11,0.4324047747492791,-0.14680042273891525,-1.5983503474646066,0.0118977445499894,-1.4070106599431687,0.04424390132608896
24.12,0.43251778919128303,-0.14799849171053564,-1.597436532848165,0.010989726535073513,-1.407036620949486,0.04271382287179385
24.13,0.43256144137041497,-0.14730720265849284,-1.5973254708634999,0.009682629668085497,-1.4081490521471876,0.042210994425807766
24.14,0.43342405037751575,-0.14911111997250187,-1.59778650642947,0.010676204659189965,-1.4079756823704976,0.044364724703234194
24.150000000000002,0.4314239383768508,-0.14685178460450157,-1.5982217195865425,0.00839055925734874,-1.4061108229529733,0.0438484154613849
24.16,0.43232631481144673,-0.14914187751125815,-1.5998692690431764,0.012307874421412552,-1.4083058026978679,0.041897310960127165
24.17,0.4329338035424485,-0.14972933168959426,-1.5993565625660269,0.011068274419700746,-1.407094899834888,0.04266282860358749
24.18,0.43271597558588687,-0.14868612837975173,-1.5985541032951258,0.0095351941547582,-1.4080063543287642,0.04246708279149427
24.19,0.4320665669111893,-0.14738901580073788,-1.5978279457941251,0.00938635955709612,-1.4085423052122625,0.04286275023704433
24.2,0.43458084324587765,-0.14919684197721916,-1.5986406948217426,0.010277423166655237,-1.4075948081821805,0.04260013645148604
24.21,0.43370799743193544,-0.14790341003577784,-1.5977618956134876,0.010714331033345797,-1.4067198829220904,0.04438265492366003
24.22,0.4338615549854631,-0.1462712258220825,-1.59743766932595,0.009615797479136616,-1.4067605807539345,0.04361997164976382
24.23,0.43437577343527867,-0.14914400502523528,-1.5980130958282315,0.009605654002306183,-1.4070527200184237,0.04281259818225294
24.240000000000002,0.43311841546468655,-0.14953075224568627,-1.597807779309142,0.010379820849753035,-1.4073671866557491,0.04470189524989535
24.25,0.43236622026830046,-0.1480013170710996,-1.5984124973079246,0.010372821769704272,-1.4055611103265158,0.04305568219243721
24.26,0.4322049549859438,-0.14666732931173398,-1.5987685091014154,0.008799217812506989,-1.408146508095993,0.041912147190738346
24.27,0.4311292338095309,-0.14861679035301825,-1.5985612749890743,0.011230204951535181,-1.4069507434776078,0.043509491548147414
24.28,0.43192052722487717,-0.14752775004591562,-1.5972859203171492,0.010544328059500499,-1.4071312838922092,0.04189634776728082
24.29,0.4336201688296819,-0.14674593217520077,-1.598218170865471,0.009681325427964746,-1.407641367180414,0.042633113713972076
24.3,0.43238544833823406,-0.1477345281020689,-1.5982561215555096,0.011076099962774867,-1.4071763264694797,0.04224594099135968
24.310000000000002,0.4322630637822677,-0.14879117149428026,-1.598662725839672,0.011766183152290303,-1.4057940282789927,0.0437300722736965
24.32,0.43280364096434576,-0.149488265724872,-1.5983080065341637,0.009510588578119728,-1.406077101218953,0.04159840837890706
24.330000000000002,0.43303552587694727,-0.14906291777952924,-1.5985083035657812,0.010781254148186408,-1.4066081640764232,0.04294703780850235
24.34,0.433364286756067,-0.14887811422083963,-1.598285727337284,0.011074590958492005,-1.4072101885331152,0.04253806048118043
24.35,0.4324564895966729,-0.14741367288203483,-1.5994528141742788,0.009375929586757925,-1.4069750147699147,0.04261677491931013
24.36,0.4314319675125304,-0.14712118833313587,-1.5994595822739692,0.010025964482013809,-1.4080406337508207,0.042740222152425504
24.37,0.4319280238918389,-0.14767667377618068,-1.598403288230609,0.01105839969677548,-1.4080315995494943,0.04486141264511653
24.38,0.43103788037994223,-0.14968329116157705,-1.5969701448670264,0.010613679394429172,-1.4072020844415092,0.04337635870476248
24.39,0.4331984723787727,-0.14803840331436147,-1.599342910681933,0.01091400626016963,-1.4069234494956235,0.044246541332432415
24.400000000000002,0.4342395907795428,-0.1480116052155571,-1.5995712386043652,0.01174681806082891,-1.4083885034322383,0.04329492939667154
24.41,0.43247595738411915,-0.14867579151016388,-1.5978330223202941,0.010413331244766597,-1.4070521123059763,0.042288179428663565
24.42,0.43254809093544583,-0.1489715459553744,-1.5986737227328691,0.010096360407453491,-1.4058905409884652,0.042773640819033176
24.43,0.43084506553310326,-0.14708255296535214,-1.59810794723639,0.010085671828128742,-1.407881542384602,0.04217365147651
24.44,0.4343912660178085,-0.1482547567996276,-1.6000164739517024,0.010486007133571165,-1.4064474166227554,0.04313651500135169
24.45,0.43191321126978516,-0.1491648754711491,-1.5993005117789783,0.011527897106888573,-1.4075625386859607,0.04153503658651216
24.46,0.43303522008872986,-0.1481769221862656,-1.5988917351947196,0.009309527119832779,-1.4084284234448106,0.0439482668921698
24.47,0.4329159957137406,-0.147882304605392,-1.5982864076449783,0.010485962341115372,-1.4079087514537796,0.042820380003352795
24.48,0.4337165773250009,-0.14706553720026086,-1.5995664764474324,0.010018259883295392,-1.4067675853560888,0.04464242440561088
24.490000000000002,0.434255053091584,-0.1489944296959646,-1.5973873123561269,0.010251169826648077,-1.4065885745444502,0.043687902920180446
24.5,0.43159698329152135,-0.14782005718283175,-1.5976223641604006,0.01018241122190926,-1.4077149516329124,0.04162846450023929
24.51,0.433296568824406,-0.14811783268367415,-1.599304757281031,0.00991565096099094,-1.4073651704798846,0.04251249830807772
24.52,0.4327023362344771,-0.14982710431909202,-1.5973224074196042,0.010213883470214985,-1.40845936691658,0.04085349909775984
24.53,0.4335980896584175,-0.14781297324387024,-1.5983161420306526,0.010953675060016776,-1.4067487244229742,0.04316967922568287
24.54,0.4324781562451735,-0.14866402471714343,-1.5981326587861424,0.011419139862265393,-1.4075897999575104,0.044288469603227576
24.55,0.43302563696368523,-0.14796778445833889,-1.5964011460462155,0.01164223381744992,-1.4060351370915505,0.04230395077513105
24.560000000000002,0.4346130401233617,-0.14837174768789135,-1.5986985235052973,0.008315700290873765,-1.4072152575396244,0.04205459532332981
24.57,0.43305626867460084,-0.1493136568025682,-1.5969312109433957,0.010681339086023596,-1.405510436724027,0.04210724311617147
24.580000000000002,0.43405191392618564,-0.1498731633571904,-1.5983184198921434,0.009648804846264696,-1.4078909158222972,0.04254927184663671
24.59,0.4319017595422168,-0.1493992854249963,-1.598886090224002,0.010301253877923399,-1.4064844850995,0.043257741843405424
24.6,0.4337179983684732,-0.14958995266712408,-1.5988778370845012,0.010820468841840333,-1.4072005095674516,0.04224848294064788
24.61,0.43351512888043753,-0.14876362331263088,-1.5991783776815676,0.010624942085294105,-1.407494616213108,0.04254367290272295
24.62,0.4322140405366856,-0.14923357382419628,-1.598845355495136,0.011159939322612996,-1.407286589461679,0.043836531144984654
24.63,0.43315035475741875,-0.14883428560722523,-1.599939147253776,0.009391166982471923,-1.4080857637480473,0.04234673820946904
24.64,0.4335561013875688,-0.14745300177857942,-1.5965697708809672,0.00953352754977528,-1.4061059633714386,0.04438864260089244
24.650000000000002,0.4324973116344583,-0.1478867449566402,-1.597417255983176,0.010148578566202415,-1.4076190242792521,0.04245254482402651
24.66,0.430640477868772,-0.14823850191315366,-1.599119477851149,0.009261581295554856,-1.4071315682815277,0.04173349114615875
24.67,0.4334034374068482,-0.14787797998441568,-1.5988492344594125,0.010144751381879705,-1.408538663845984,0.043654793956677075
24.68,0.4328635061453422,-0.14807149280731072,-1.598062018019531,0.009639386793101366,-1.4088256284213518,0.04383541788160334
24.69,0.4333010201968324,-0.14876718868983071,-1.5981429840010846,0.011297788920413167,-1.406506296089554,0.04250732947415167
24.7,0.43140081089908694,-0.149449487057154,-1.5987720322645091,0.011476112434209285,-1.4081356885431457,0.04247960577718189
24.71,0.43216164350728703,-0.1487640226564744,-1.598509797269696,0.009082945493167188,-1.4065537174242657,0.0428736197681222
24.72,0.4348634530464493,-0.14932413389653076,-1.597112580031779,0.011414177911366754,-1.4078592620716082,0.042655244577463454
24.73,0.431896015985855,-0.14909396897378088,-1.5985005287909337,0.010218060653351995,-1.4088983187597397,0.04500146096520267
24.740000000000002,0.43247352881890383,-0.14824274248664143,-1.5990464952556152,0.00996699022043075,-1.4078123075681015,0.04299744272104318
24.75,0.4326872679012729,-0.1475976216089727,-1.5983017131985726,0.010814602878593087,-1.4075085615571414,0.043201805924512365
24.76,0.4324894210666702,-0.14742461987352085,-1.5982184588182082,0.010062053666206943,-1.4076639825272892,0.04290467069112651
24.77,0.4327265673352695,-0.148349184339316,-1.5989876813440367,0.010867501656988202,-1.4067773673736657,0.04455670876027914
24.78,0.43217323370431937,-0.1477184224991651,-1.6001660366020911,0.01092347655627287,-1.408771107686627,0.04214100906564371
24.79,0.43298992129249236,-0.1488423602233044,-1.5991617882821803,0.009776918207049049,-1.4068632812066446,0.04218589955111376
24.8,0.4326527409656673,-0.14863043994492897,-1.5977845103266797,0.010939951320401564,-1.409101585503359,0.04391203002005207
24.810000000000002,0.43216701492531456,-0.14809379615688556,-1.5993193524447722,0.01052387603926834,-1.4052735280196,0.04311097288697852
24.82,0.43229870716346447,-0.14850259889702916,-1.5997819704782117,0.011464459004204331,-1.4072269579799284,0.04208466390089138
24.830000000000002,0.4318130949794507,-0.14828666360831572,-1.5976866805886412,0.00919557182176554,-1.4065283670530977,0.042920034640652735
24.84,0.43188820950433643,-0.14870813689118775,-1.5969740988847787,0.008988555327859388,-1.4081386970926706,0.043831285997616466
24.85,0.4328888944048699,-0.14899048787273883,-1.597658059071223,0.01108339467738461,-1.4072108070861986,0.04246558316093449
24.86,0.4323000537703395,-0.14805157326794602,-1.5996448740835387,0.011358710896698718,-1.4060162876715137,0.04279409054921192
24.87,0.433010759793703,-0.1472651925037702,-1.5967934512321966,0.011558722534820556,-1.4090145421949993,0.042724627458593636
24.88,0.43313693292572175,-0.14873128595256224,-1.5969442425251992,0.011621898075782875,-1.4082120333715613,0.042858279247367036
24.89,0.4320458906200774,-0.14847028169069731,-1.5986967268368186,0.011032747126277402,-1.408275331683489,0.04071645518466305
24.900000000000002,0.4312997720112452,-0.14919736244226497,-1.5990721988552816,0.01036334047830912,-1.4084422979447224,0.041943115356355865
24.91,0.43188890411689057,-0.14927359178166433,-1.5989838870759836,0.009678768418048413,-1.4068986844905247,0.04213647270926501
24.92,0.4323879380720807,-0.14877562201312952,-1.5977941146949115,0.010065365933294898,-1.4065830941368385,0.041994367311346474
24.93,0.43265691950711344,-0.14880255971899153,-1.5995699270594665,0.010141085502668096,-1.4059877352459795,0.042255696658484776
24.94,0.432588774545943,-0.14944513811553337,-1.5997734164578132,0.00951299274044858,-1.4078926842565485,0.04264606202727502
24.95,0.43250275596474985,-0.1497384415874183,-1.5990462411165591,0.010637866870533728,-1.40868529242855,0.04269007691503352
24.96,0.4329555543902419,-0.1489826566709377,-1.5982019637405553,0.008872566904306003,-1.4067246814857197,0.0433192213599347
24.97,0.43274857722853455,-0.14731841109775892,-1.5987874112736014,0.009660818826698364,-1.4063022291556537,0.04460637120035559
24.98,0.43209486144353837,-0.14839925969947038,-1.5975880283398336,0.010131805621221256,-1.4069811236413998,0.043681030613529036
24.990000000000002,0.43220929668787544,-0.1479341138326737,-1.5985054041454385,0.009138081824058338,-1.4083636348565625,0.04243065882867742
25.0,0.43351028642833156,-0.1474610567388355,-1.5978455775236025,0.010584069042262641,-1.4071397410850635,0.04324221718590237
25.01,0.433058595660757,-0.1478857266746586,-1.5997251534577184,0.009510435719229871,-1.4083977296904195,0.04396617149473276
25.02,0.43416650141081564,-0.1501972881024764,-1.5971309791560762,0.010276126877298853,-1.406614855168714,0.04344201734255567
25.03,0.43403411134642794,-0.14813182622747334,-1.5996782406691548,0.010109282547821632,-1.407045382584488,0.04281167696586083
25.04,0.4334554218492388,-0.1483922914747669,-1.5989923967684432,0.009255836753886429,-1.4078310489743382,0.04317884844281535
25.05,0.43134179817770707,-0.14904850741733083,-1.600189559616094,0.009668346042794125,-1.4064340678496554,0.04196555007806824
25.060000000000002,0.43391671361871836,-0.14593013239406266,-1.5971408631666137,0.010328251213064717,-1.4067147294051092,0.041805809851836746
25.07,0.432277301425753,-0.1484580688879884,-1.5980092423133905,0.011173546192313434,-1.4079393801399567,0.04317047693220624
25.080000000000002,0.4342465874084312,-0.1486859003537611,-1.5983515678990758,0.009481530370065957,-1.407171539001633,0.04317274251849769
25.09,0.4343049590994976,-0.14810222419544697,-1.5973039747317894,0.010829835906602399,-1.4082904996341197,0.04309053089660457
25.1,0.4346118589160718,-0.148737359588432,-1.5988848942347835,0.011367229953630008,-1.406654161024056,0.04401103710592535
25.11,0.4371931840148233,-0.14922503424929034,-1.5983337916862217,0.011789533493634844,-1.4074298096803541,0.041824329333645424
25.12,0.43818487344689916,-0.14906193968646714,-1.5964932674758754,0.010501678127963812,-1.4072414203799146,0.04434006676033585
25.13,0.4371674282995889,-0.14993027272350418,-1.5984007337683421,0.008397519608775529,-1.4063897979421536,0.042523999568186394
25.14,0.44068973684937335,-0.1493476603463262,-1.5968875713751334,0.009942725988472895,-1.4077354335393197,0.04309126686424279
25.150000000000002,0.44228771209016543,-0.15003674045334753,-1.5977914848129169,0.0093246655659404,-1.4067952852738244,0.042532270053260664
25.16,0.4432156441732167,-0.15054655126102706,-1.5972972100191047,0.010662291340866837,-1.4063821148627165,0.044734035510573776
25.17,0.4459491072295634,-0.14933459207585623,-1.5973215842622224,0.009047923394352017,-1.4067581734752916,0.043771386448474496
25.18,0.44813525375398106,-0.15009898239500574,-1.5984845936979235,0.011581956826057215,-1.4063188403886309,0.04167922754512185
25.19,0.4506259387345991,-0.15148434578403008,-1.5955667709320778,0.011408515208387184,-1.4060879956174093,0.04174579098970596
25.2,0.4525850420337719,-0.15356708571801667,-1.594924746656753,0.011809439178027098,-1.407384115212594,0.04244998932854433
25.21,0.4549075845382218,-0.15312334428481925,-1.594684999916057,0.01026059457237383,-1.4055534375915129,0.043971003422177045
25.22,0.4598670857842864,-0.15432499754962775,-1.5933500649051133,0.011989466289466325,-1.4045744428164535,0.04290936460789425
25.23,0.46174525706791003,-0.15488165976538898,-1.5949953527298772,0.010788321257919332,-1.4049800099966743,0.044193552205883904
25.240000000000002,0.4657481302505701,-0.15478299408180224,-1.5935578277235225,0.010297123311948068,-1.4048518596338637,0.04337678420607319
25.25,0.47034749453682345,-0.15521725115853632,-1.5923205529649285,0.011458720667129885,-1.405982800846227,0.04384961365135309
25.26,0.4747860526476587,-0.1567453192395649,-1.5920007140652166,0.01131545578229073,-1.4040469671861042,0.04216227321809315
25.27,0.4803523760542435,-0.15723847943745012,-1.5919501798173774,0.010636609428259097,-1.4055871945986815,0.04156430540112477
25.28,0.48471903110268477,-0.15648028310799297,-1.592178532211799,0.010371608573407382,-1.4037618786918986,0.04305257552064258
25.29,0.4900917667016544,-0.15930649753309484,-1.5904863068334254,0.011105838976383139,-1.406182730713673,0.04210392997477982
25.3,0.49573544886544374,-0.15924585966825364,-1.587918814562943,0.011795571395831695,-1.4057404678129028,0.04255762213970114
25.310000000000002,0.5019211351238817,-0.15999815673752138,-1.5870760511889856,0.011318678774075157,-1.4045608355773453,0.04308683590501146
25.32,0.5069521652755862,-0.1612379259800406,-1.5871380155118735,0.011659579999529183,-1.4029864631254727,0.04348232938764652
25.330000000000002,0.5139804316636037,-0.16448775616026348,-1.5872831821269444,0.012967472770079508,-1.404093440890405,0.04457425979678849
25.34,0.5185845374831802,-0.1656792837647419,-1.584486899301937,0.011904444625604624,-1.4034015703731688,0.04352943457527502
25.35,0.5274550592251285,-0.16673432087070572,-1.584805148125428,0.012013013566409266,-1.4023323467789008,0.045294673279220383
25.36,0.5346608253760564,-0.1683119507686383,-1.5836095364131288,0.01373936614908073,-1.402806957237903,0.04349723479138811
25.37,0.5424663534264984,-0.17073175481432687,-1.5826780432160272,0.012617196175303283,-1.4016631541921387,0.04342410625558125
25.38,0.5523220768290426,-0.1709087130575811,-1.5820080093693538,0.01176003253455957,-1.4006701594253197,0.04290483241109945
25.39,0.559418242232465,-0.17241737783486108,-1.5779554210280466,0.012660667448066624,-1.4009187919317483,0.04423432396142285
25.400000000000002,0.5691959888699238,-0.17418432313430401,-1.5783561396727426,0.013378634223546395,-1.3995696098866601,0.04144931953650937
25.41,0.5777303110492393,-0.17537051649349555,-1.5755084505466685,0.012375650976602157,-1.398639964109656,0.04347594049492978
25.42,0.5867950251980923,-0.17787586429254576,-1.57530785153713,0.013382704344637425,-1.3976226815474253,0.044341632660770375
25.43,0.5958797855926555,-0.18001840137596997,-1.574232547182551,0.012895402645338946,-1.3990907987103696,0.043315511455888904
25.44,0.6071146881889434,-0.18196032421866334,-1.572344343850509,0.013951892058797252,-1.3958403932930628,0.0429463082164769
25.45,0.6161674963961803,-0.18392574987017615,-1.5691149209860429,0.0127779102284373,-1.3958755662814473,0.04434194564564001
25.46,0.6259553829632297,-0.18557548068717974,-1.5686036118683757,0.013768488365371992,-1.3963579766875633,0.04283548361340406
25.47,0.638898058438241,-0.18834834308212278,-1.5678795999980186,0.013918492789986945,-1.3940855305715767,0.04231120519377408
25.48,0.649157603862649,-0.18924721027549649,-1.5658897793045399,0.014104131846880714,-1.3945325657162466,0.043574283306295335
25.490000000000002,0.6620583332805557,-0.1921385100570168,-1.5647828354914557,0.014409832616631757,-1.395659084598036,0.04443588301735964
25.5,0.6745244594961392,-0.19433866136340502,-1.5616983680311616,0.015389763974515828,-1.3930042463662353,0.043773557937486586
25.51,0.6863304199339231,-0.19835223611894348,-1.5603242178220889,0.014559877439937136,-1.3910048719475958,0.04378458397223746
25.52,0.6993616061182159,-0.20003679222545143,-1.5581925672624743,0.015343236590505592,-1.3912434830232432,0.0435401505798862
25.53,0.7119146343918974,-0.20420887424584167,-1.556658634521689,0.01614749126027195,-1.3910092483657834,0.04458295521524503
25.54,0.7265496223980109,-0.2037413496718645,-1.5533030718546896,0.016837826195113186,-1.3909364425227284,0.04354299547024617
25.55,0.741437828449384,-0.2073431818770019,-1.5517524244571643,0.014977468974814459,-1.387385826908698,0.04286219208811777
25.560000000000002,0.7527250816316785,-0.21060299349899772,-1.5522526235687213,0.015516025517760759,-1.3859828175339743,0.04324647270439648
25.57,0.7676253675883618,-0.21305015762814633,-1.548734102526524,0.017497811558616454,-1.3881284278784163,0.04384026369201367
25.580000000000002,0.7825833734560338,-0.21363900462183077,-1.5452987597956187,0.0169027787803596,-1.3867260083322797,0.04314733194314566
25.59,0.7979365814328973,-0.21948836181674522,-1.542015676868627,0.016839791963286253,-1.3874286507492548,0.042639920164104825
25.6,0.8147254004585421,-0.22197142627847577,-1.5412943882694359,0.018640995690733766,-1.3853306977908775,0.04423682457495735
25.61,0.8289426943587099,-0.22425630796961285,-1.5391715084463617,0.017713182622392742,-1.3830012486237484,0.044365757008361595
25.62,0.845280751435549,-0.22823389629982768,-1.5350438722503739,0.018747738149504513,-1.3831053720021043,0.04317162560888515
25.63,0.8625040791642694,-0.23084000421019904,-1.534148478492426,0.018648807892765632,-1.3814992587112764,0.04372115767474547
25.64,0.8791245984553921,-0.2330140470033328,-1.5310658599445843,0.020068613427292083,-1.3807998562570905,0.0444026377369366
25.650000000000002,0.8956898947165927,-0.2364489866061182,-1.5282136278662464,0.019745579069877443,-1.3780961222378287,0.0433593123567428
25.66,0.9116862536755571,-0.24080256954919838,-1.5267766745185272,0.01779028939243969,-1.3775848757979499,0.04296545574690842
25.67,0.9292418441886426,-0.24518407505895112,-1.5233166528509912,0.019176621217383526,-1.3787408215106363,0.044061474379548174
25.68,0.9460118509648394,-0.247821873154609,-1.5210725099581017,0.020901336372557547,-1.3774130844542245,0.043058394978872996
25.69,0.9644253286768747,-0.2502763066685365,-1.5172721664733786,0.019614408374838504,-1.3759106719050427,0.04498138870118375
25.7,0.9841537808054354,-0.2550869218854927,-1.5164826997151806,0.021232779134030173,-1.3750569465656044,0.0433251566799054
25.71,1.0009116661896058,-0.25638766286225245,-1.514234024231181,0.02256329428729361,-1.3739595866771988,0.04432229124965388
25.72,1.0205858207201055,-0.2610202480512352,-1.5105692069959145,0.022242553865979148,-1.372500403504634,0.0445087333022277
25.73,1.0377443325392925,-0.2641605903096078,-1.5087105933812295,0.02109584193218589,-1.3724565345945199,0.04403816893184889
25.740000000000002,1.055533001392258,-0.2691660427223894,-1.5056116867758942,0.023640317304547465,-1.3709561190885942,0.042998728416970146
25.75,1.0762418139099394,-0.27078143764490537,-1.5018658445190662,0.022688153169566197,-1.3678170281366469,0.04492227125900564
25.76,1.0957591067985228,-0.27649239979427287,-1.4984551203330396,0.021911318742766216,-1.368327212407974,0.045439847762284775
25.77,1.1160850850455897,-0.27937137816183977,-1.4975953479542659,0.02242519836953897,-1.36720354858381,0.04407597084202147
25.78,1.1336096547304433,-0.2837738388512283,-1.4913993521178683,0.024213826098265164,-1.3652358351887395,0.043373310532310846
25.79,1.153206030807257,-0.28847178484140223,-1.4914094968434322,0.02431754355789493,-1.3638969960483858,0.043454739106390326
25.8,1.1748768279754407,-0.28999303706076573,-1.4852114267809249,0.02531582986060094,-1.363179233122996,0.04497736546392919
25.810000000000002,1.1962071483346604,-0.2969340348361019,-1.4825770707549006,0.02456301123642489,-1.362278068962053,0.04405995179575113
25.82,1.2157470583398127,-0.30009050287593186,-1.4810454080671622,0.025894501299253327,-1.3603954347614386,0.04473873355226954
25.830000000000002,1.235777944632469,-0.3024831426714194,-1.4767784485775353,0.026706496961674295,-1.35897881240044,0.045262748178504605
25.84,1.257558440672777,-0.3047484750043149,-1.4735191067270765,0.02616314156479372,-1.3589046887424021,0.04425278156188783
25.85,1.2773830546868294,-0.31065984919433454,-1.4720543357976692,0.027687262066210395,-1.3580706563265421,0.04309352763670422
25.86,1.2985575002135565,-0.31588816555386645,-1.4693831132719044,0.026499750254881646,-1.3562637880426553,0.04456475451873624
25.87,1.3192570803193857,-0.31969330341371993,-1.4651131022555997,0.02835194066915602,-1.3530498204862214,0.04472281441032592
25.88,1.3412305251948258,-0.3234741914436956,-1.461495801311365,0.028220708347560967,-1.3519035752780686,0.04298381068565896
25.89,1.3621678942488573,-0.3271298174240209,-1.458730031944225,0.027475942333064874,-1.3529156012105181,0.04537400525057735
25.900000000000002,1.383146074585861,-0.33308709508108286,-1.4547365957279794,0.029113265328656948,-1.3505981944134209,0.04391077030134809
25.91,1.4052284845475786,-0.33464141453242113,-1.4536571404308558,0.027766790119341883,-1.3497550881425753,0.04472428297192067
25.92,1.4264934993951115,-0.33930288798808783,-1.4480500490946944,0.029795303693232588,-1.3474236845957792,0.04502379307332074
25.93,1.4486036837237917,-0.345167755483864,-1.4466390374551779,0.02879490345656874,-1.3467436675937419,0.0450279748727207
25.94,1.4690605151609357,-0.34816238720205195,-1.4432382440784675,0.029463708420856043,-1.3458574522413005,0.04388651618327311
25.95,1.4926368979835303,-0.35256927262201726,-1.4384877136880547,0.030433715943242422,-1.3443602782719504,0.046538287640501295
25.96,1.5125170716585923,-0.3555070860084311,-1.4344733521482842,0.031913870965357166,-1.3429865385784767,0.046187874882129346
25.97,1.5355136465925188,-0.3614560125620529,-1.432968835588393,0.031173492199096764,-1.342214033466099,0.04595061042727037
25.98,1.557006725580072,-0.3650831236082592,-1.4305987963667874,0.0321239898647654,-1.341084910353122,0.043991102778321994
25.990000000000002,1.5794910892629845,-0.3683553991850723,-1.4256607593729944,0.032967757287999035,-1.3388767240674035,0.04476772623846409
26.0,1.602190400449403,-0.3739914647877268,-1.42202181883069,0.034028567173217235,-1.3381842484822846,0.04449398198127783
26.01,1.6229373298788197,-0.3790023848996006,-1.4198645383401522,0.03451226321153796,-1.3370490868494769,0.04629582414161015
26.02,1.6449400617567689,-0.38009790415164285,-1.4167561264327435,0.03367724957290808,-1.3356181099801152,0.044578596864140764
26.03,1.668373345272856,-0.38574579017327676,-1.4119721795784927,0.033080851649495084,-1.3329406054220019,0.04437030992547294
26.04,1.6878995103219026,-0.3901636298844161,-1.4093833659319481,0.03470098385424923,-1.3315756634662934,0.046019662504501506
26.05,1.7121750927728558,-0.3956161091180502,-1.4049901213967193,0.03672188713068101,-1.3312133455838517,0.04384051345050532
26.060000000000002,1.731467434260544,-0.3991773030309297,-1.4012678561336884,0.03551814424588943,-1.3301268628198364,0.04473755730691302
26.07,1.7532503206677619,-0.40219787587126804,-1.3998383996805417,0.03775864470976653,-1.3277377111696314,0.04609898201340483
26.080000000000002,1.7758621278998714,-0.40808825230777446,-1.3972621072578768,0.03515307458301334,-1.32619277665488,0.045077756712561444
26.09,1.7985037326448152,-0.4111791774777476,-1.3935074827386078,0.03574771091813507,-1.3254295162320588,0.04526167272558057
26.1,1.819980687000073,-0.4160686580898979,-1.389478247977767,0.03861918318196094,-1.3241650749071698,0.04617642894690577
26.11,1.8411265362531206,-0.41791778628024984,-1.3864686574993208,0.038215303913697526,-1.323149966933512,0.04485386232589816
26.12,1.8609119661236782,-0.4225800695703347,-1.3844641895952632,0.0386707118495481,-1.3214763613522775,0.04636890240026911
26.13,1.8827522857975034,-0.4284672220944718,-1.3800609521659892,0.03817803583492756,-1.3216409868551573,0.047297819781716134
26.14,1.903633954914761,-0.43271421404266325,-1.3774262062232785,0.03993762668578157,-1.3211915667296223,0.04666500540061369
26.150000000000002,1.9245319977239992,-0.4356630086021499,-1.3746466804190642,0.04099138415571207,-1.3179332146129952,0.04506389897783097
26.16,1.9459389513403178,-0.4398376081198755,-1.3707628771383389,0.04004230706498372,-1.3167921272733578,0.0445175296501328
26.17,1.9666423997725475,-0.44338207188857715,-1.3683842374711495,0.040650172801829074,-1.315520347983008,0.04556657605626956
26.18,1.9885743548988088,-0.4493960552286073,-1.3652924677250124,0.041539386476699976,-1.3127168066725403,0.047788494580148354
26.19,2.0080164719092224,-0.4514180113105283,-1.3609162396733934,0.041974460194955675,-1.3128155500288636,0.04663853252169299
26.2,2.028653484331607,-0.4552692976390475,-1.359381588346647,0.04096918683270739,-1.3123295461867235,0.044829244993653164
26.21,2.0469223876915503,-0.4599697034655663,-1.3557863274310535,0.04173959920183332,-1.3101830276346564,0.04606705412531177
26.22,2.068074958393904,-0.4642397087863372,-1.3517930046681559,0.0419471125451309,-1.3098517555621612,0.04577599279189225
26.23,2.087411677841854,-0.4677099447775351,-1.350079168263022,0.04216968024220751,-1.3077171488148445,0.04632946578804317
26.240000000000002,2.1089619208309647,-0.4699583552447029,-1.3449396812561671,0.04328913093913516,-1.3066430984663202,0.04558398854934318
26.25,2.1276957363253413,-0.47531910323849147,-1.3450186576354644,0.044510026293574735,-1.3070466900754107,0.04642709885080438
26.26,2.145363990661855,-0.4774544912406537,-1.3397526650293141,0.044012738552301,-1.303720754217369,0.04608495146489608
26.27,2.167026734806065,-0.4814367600151967,-1.3387919827872734,0.04398043691123746,-1.3038060705260952,0.04589405088412905
26.28,2.1823563316449026,-0.48535825055477216,-1.3363997005234916,0.042080338995252466,-1.3028509210500288,0.045486589664148834
26.29,2.2015498417857535,-0.4919681752202637,-1.3331512151262483,0.0444927177731622,-1.3019953977989296,0.04651749025235372
26.3,2.2217833946839436,-0.4923290979008727,-1.3287663373197118,0.04596768906530555,-1.3012363531877356,0.04659548848406286
26.310000000000002,2.2394636033079163,-0.4966335539677213,-1.3276412907240422,0.04581354713630553,-1.3005597718417319,0.04529521505807651
26.32,2.2557947880758653,-0.499286027360932,-1.3240865381078506,0.04659769967229474,-1.2990055880876492,0.0454253656558785
26.330000000000002,2.274363546717458,-0.5037537012490546,-1.3221683270067117,0.04441765845064288,-1.2968966812599665,0.04765315196033921
26.34,2.2902800666067336,-0.5054930215554783,-1.3190963596991645,0.04483356469094199,-1.2968961247974162,0.04550447983238029
26.35,2.307910436180016,-0.5092956394547479,-1.3148735225238188,0.045456327102239485,-1.2955190093728843,0.04558782342675031
26.36,2.3238192956715475,-0.5128036790365825,-1.3139686885728445,0.04544821405955015,-1.294076889590239,0.04534788326802772
26.37,2.3414006342674067,-0.5149514455344169,-1.311090145391833,0.04750643976461452,-1.2935673930773801,0.046487724745129515
26.38,2.3580664174486365,-0.5187726114458122,-1.3091471929263157,0.04785624663113074,-1.2932848805463495,0.045817621042562616
26.39,2.374091930008996,-0.5215063324899667,-1.306588141271697,0.04926666703671426,-1.2907397191706864,0.04628357564248563
26.400000000000002,2.388019756919962,-0.5239932363864545,-1.3036503912043527,0.049849182765318155,-1.2883565768756495,0.04539199671850075
26.41,2.403278603663355,-0.5306982573983021,-1.3012182827619436,0.049150850602928085,-1.289244289529923,0.04547257795333757
26.42,2.4193379321475406,-0.5309317295025199,-1.2990786885977543,0.049108469480914005,-1.2878503700611101,0.046461236315351755
26.43,2.435159690511776,-0.5333764773093719,-1.29858517354708,0.05036894723800277,-1.2864783334692913,0.04700219937720768
26.44,2.448779426508955,-0.5352560098672504,-1.2968085433727818,0.05052019688866704,-1.2871000284345888,0.04757760176931225
26.45,2.4627342904623983,-0.5405038100889846,-1.293697100537997,0.050602997688645415,-1.2860231539762745,0.046104855127846074
26.46,2.475861277704203,-0.5415138067257987,-1.2896639854974654,0.04811132147796015,-1.2825697612616431,0.04684976471106779
26.47,2.4903781297348337,-0.545048854278526,-1.2891704684008596,0.05040963019232783,-1.2851224872340248,0.04599306085331138
26.48,2.5040468761074806,-0.5485548496889834,-1.286806483374257,0.05017408263505972,-1.2842577489718499,0.048440596984570775
26.490000000000002,2.514997740543036,-0.5506560100167424,-1.2854271782139484,0.050076211826317565,-1.2826456077191333,0.04687840276995126
26.5,2.5285266527930848,-0.5521846776598743,-1.2839984938675186,0.051551514138105194,-1.282000009388808,0.04633272667873782
26.51,2.5417758838992324,-0.5545258464012391,-1.2806039589384393,0.05229739286936505,-1.2800498959479458,0.047390235833636545
26.52,2.552315501892247,-0.5567555579682603,-1.2799908227934946,0.04956609836535313,-1.279837212261138,0.04702168151957862
26.53,2.5645356172832137,-0.5590173885535415,-1.2774685143651372,0.050478794156645204,-1.2807956842624233,0.04466810350051305
26.54,2.5748630572111852,-0.5617406883808118,-1.2771581624199284,0.052190256953356134,-1.2794774724540638,0.04559845841816778
26.55,2.5880308071002447,-0.5631854719061613,-1.2756865998089997,0.05152447120792711,-1.2786081790392165,0.04671559331742056
26.560000000000002,2.597439950440407,-0.5652443415625904,-1.2715444988433495,0.05193590283969112,-1.2774560368183348,0.04777922409141961
26.57,2.607503156997311,-0.5659871354433864,-1.2718736229984564,0.05250616481536331,-1.2793831591070075,0.046734575597461706
26.580000000000002,2.617231784060494,-0.5682412674344866,-1.2702352154270096,0.05418486075418156,-1.2769660601429036,0.04629831920379
26.59,2.6253528648395945,-0.5718303827261488,-1.268190821476839,0.05313838985231882,-1.2755303619341292,0.04657869836722219
26.6,2.634855529765204,-0.5745138609605288,-1.2670305612699748,0.05315089544141263,-1.2764749835601168,0.04686540507390386
26.61,2.643489398908075,-0.5727703116470393,-1.2669604164099988,0.053525310434217,-1.2759385623608503,0.046485725413280415
26.62,2.6524284641352525,-0.5761268587716112,-1.2647656475623972,0.05369135313644123,-1.274909729491949,0.047759347865651405
26.63,2.6600582453138073,-0.5775955293060046,-1.263221432152984,0.05375749340889765,-1.2734289762727788,0.04727900962363731
26.64,2.668539026612767,-0.5792981547870635,-1.2632958090217878,0.05246546602447014,-1.274981368092222,0.048554698420502425
26.650000000000002,2.673672404012716,-0.5794124965573462,-1.2619556701358459,0.05489215206915578,-1.2749975543966576,0.04682469912975756
26.66,2.6840169564679384,-0.5812084318473522,-1.2604593177534154,0.052300286168740696,-1.2738013613159884,0.04825495372183404
26.67,2.6892623426621616,-0.5832072003829579,-1.2588923347230756,0.052991623736585274,-1.271883210064587,0.04668876089067561
26.68,2.696317060316967,-0.5849003055721375,-1.2595360018166037,0.05388202418456477,-1.2712902162989792,0.04741049556873481
26.69,2.702261837300447,-0.5848016933447021,-1.2574124836208087,0.05442426240563825,-1.2718980425472295,0.04791251301263947
26.7,2.7083464876510646,-0.5872000491409103,-1.2576534976493527,0.05545342030520048,-1.2717776429371097,0.04715111813621302
26.71,2.7156894319769447,-0.5870828213447254,-1.2541143929927063,0.054127474114295894,-1.2698614312443088,0.047121464773151336
26.72,2.719191521829832,-0.5870275503245309,-1.2549762678355174,0.05471578928541643,-1.2712704447214933,0.047882933843571764
26.73,2.723314651658674,-0.5888488209003612,-1.2554313431419193,0.055273757803042625,-1.2707483919998306,0.04775395666545918
26.740000000000002,2.7284249637194122,-0.5911011262736052,-1.253632218872187,0.05414305373827696,-1.2691778907364182,0.046209675051297014
26.75,2.7325431994508684,-0.5911687899906745,-1.2512343249053544,0.054961508242664825,-1.2698605500880364,0.04737137203363251
26.76,2.7350187023557924,-0.5932967835024168,-1.2523606621341554,0.05442630712912841,-1.2708030683615614,0.04788841370916951
26.77,2.7408253171105605,-0.5928548481863051,-1.2520717531311392,0.05519116397825567,-1.268731157834963,0.04691546971155612
26.78,2.7444823430163257,-0.5943454933604031,-1.2508554119466997,0.056186940969472104,-1.2678954483182179,0.04831145576942942
26.79,2.7475716084226214,-0.594245174409463,-1.2508467351945125,0.053675426668855046,-1.2699507687999398,0.04701206018716423
26.8,2.7501956445010416,-0.593612178918742,-1.2488614613095022,0.054711447828087366,-1.2678851320958981,0.04674772687772172
26.810000000000002,2.7536011544314976,-0.5946643696071998,-1.2485166132852927,0.054933459575651704,-1.2675513713413018,0.04553458808618474
26.82,2.7566077868475,-0.5958657189673018,-1.2492322130010682,0.05363347302106863,-1.2686275882150728,0.04835624554983062
26.830000000000002,2.7573399767359525,-0.5956520440166652,-1.2488626242871257,0.05638234250332683,-1.2679873031802416,0.04636422461435067
26.84,2.759771012865341,-0.5952644971852719,-1.2481563519152958,0.05539248206039689,-1.2660654812018104,0.04819260044216563
26.85,2.7622271482655707,-0.5967302925968796,-1.2476837860426684,0.056194603059145774,-1.269831414621913,0.0475288616710553
26.86,2.7629600162289796,-0.5977489347107979,-1.2482531480721968,0.054202128881506016,-1.26940631817944,0.048274842842287245
26.87,2.7648933153236968,-0.5996863025786351,-1.2483766269078689,0.05635533826631749,-1.2679925705155786,0.04827603288242231
26.88,2.7666103883947417,-0.5989965462538186,-1.247817622229519,0.05521932112488595,-1.2688883733271221,0.04592263112468289
26.89,2.766021230158472,-0.5985704214795892,-1.2472904582738054,0.056541655439991956,-1.267166044614149,0.047848399367032064
26.900000000000002,2.767360099058545,-0.5976521635589471,-1.2475365625353165,0.05526204798028068,-1.265906720422453,0.045161411945984095
26.91,2.7666762918033405,-0.5979828096158846,-1.2475303137215814,0.05440728101488215,-1.2684395254471745,0.04638973020027825
26.92,2.7696709741489998,-0.5973707349388603,-1.245780890108814,0.0542859253608654,-1.2686774105836311,0.04594465025907837
26.93,2.770474375181097,-0.5981527902649126,-1.2470729173290758,0.055881890551325274,-1.2675065068554345,0.04621991146033406
26.94,2.7701447367585894,-0.5987462351810999,-1.2481381636483369,0.056189419784489,-1.267807715019942,0.04739743320960496
26.95,2.769839245013201,-0.5978543629489901,-1.2468607544608266,0.054921980677961876,-1.2671400771129078,0.04750889241636895
26.96,2.770564779556628,-0.597761069493234,-1.2475648295356476,0.05627935215559023,-1.268916061439694,0.04709496749540109
26.97,2.7699831844986553,-0.597421655662794,-1.2471480262048678,0.05622906901896667,-1.2689420645079124,0.04689289468754226
26.98,2.769538384920266,-0.5965352723011972,-1.2475853524285698,0.055763499852237504,-1.2672909218439075,0.04581287714918915
26.990000000000002,2.769838047376364,-0.5983462157966772,-1.2469256292890156,0.05369245627018223,-1.2678949671910518,0.048090829742692597
27.0,2.7708133213408668,-0.5976370653805774,-1.2478601395650777,0.05681782189383302,-1.2674387515875223,0.04858947625328615
27.01,2.770302883662734,-0.6004867594350879,-1.246258885577154,0.05531296130208563,-1.267728322273094,0.045931934146442685
27.02,2.771715636119093,-0.5991547465609434,-1.245625521994554,0.055323669347674735,-1.2682096104198544,0.048351506433147076
27.03,2.7702360033586912,-0.5987554770420225,-1.2481184296218455,0.05530064828632642,-1.2670258923194047,0.04606625157664343
27.04,2.769829557238986,-0.599066908733052,-1.2469420194600034,0.05699115936480141,-1.2676617584886114,0.04659742449768495
27.05,2.7726966605004457,-0.5990780255345199,-1.24716638063291,0.055387720132065464,-1.2676415266041074,0.047267853918453284
27.060000000000002,2.771103546513739,-0.5983474542045621,-1.2460600568030318,0.05661108689285661,-1.2672180039547518,0.04752839414461396
27.07,2.7712675552769257,-0.5996697135962247,-1.2448198994555368,0.05525268508877642,-1.2677062746720191,0.04614241688919072
27.080000000000002,2.7692683788073045,-0.5978499949235638,-1.245018882632425,0.05520498962085084,-1.2670969091518791,0.04739213159990422
27.09,2.7711728780469675,-0.5967638063716274,-1.2456727003010455,0.05549173048782218,-1.266938563188944,0.04774808386244123
27.1,2.7702824676168665,-0.5996563846960548,-1.2476970637500278,0.0567019522037108,-1.2663080277758187,0.047018863303193395
27.11,2.770527813807822,-0.5976551902151395,-1.2484872551578117,0.05531048402287908,-1.2656390750255682,0.047461195256218634
27.12,2.7693145730677724,-0.5985976518911424,-1.2461086292908932,0.05347773078665669,-1.2672461616032724,0.046875006992000645
27.13,2.768867086319105,-0.5986285049825427,-1.2471191014704053,0.05567897728907577,-1.2677039147239155,0.046308714847207076
27.14,2.7690304450293186,-0.5993027406784097,-1.2462501610752326,0.0559033922007061,-1.2674603651176706,0.04629263111706676
27.150000000000002,2.769973697664966,-0.5980567086750352,-1.2465594930667012,0.055283565426783525,-1.269678878281839,0.04661108434521997
27.16,2.7698787695693188,-0.5994915992638652,-1.2473605638902647,0.05641257441222942,-1.2674325472951704,0.04806367273149584
27.17,2.7689836970380157,-0.5989662186120405,-1.248692116005161,0.05532774087946613,-1.2683125082721485,0.04831810402469158
27.18,2.770657541174346,-0.5978143941977775,-1.2473746766593645,0.05481012808815716,-1.2683176618273415,0.047431639470678855
27.19,2.771879663903325,-0.5983401285613661,-1.2473270465403146,0.0555352663523118,-1.2674273146923019,0.04896857927180781
27.2,2.7713765265577313,-0.5984731429728686,-1.2469042407933546,0.05596123511444811,-1.2669686631079258,0.046839416762903756
27.21,2.7695634021610758,-0.5977992178923762,-1.2469808164486471,0.05652792130928103,-1.2659634554911672,0.0476543220622216
27.22,2.770612892574826,-0.595907261156307,-1.2468193408571808,0.054748318377798366,-1.2676454153120544,0.04855410035864094
27.23,2.7691706259332904,-0.5993566448790362,-1.2460344604651763,0.05546296627358825,-1.2674962075984597,0.04813669449063482
27.240000000000002,2.7696744555168413,-0.5999815974090961,-1.2482120316563157,0.05620769921306052,-1.2671738645882533,0.046595621702710935
27.25,2.76928876354362,-0.5989361195950629,-1.246025654859975,0.054970611237919874,-1.2679783009041716,0.04616107394169011
27.26,2.7699793717685455,-0.5984049704240089,-1.2451541666986483,0.05589005022243411,-1.267446842983631,0.04795305425052128
27.27,2.7709075626841515,-0.5992041041585225,-1.2449910736069973,0.05567872151098984,-1.2671937236194668,0.04768114240871812
27.28,2.770601830580326,-0.5973688394137946,-1.2475147924892054,0.05638362997720786,-1.2672563869391573,0.04805758776951899
27.29,2.770112389802709,-0.599005795085721,-1.246361145363893,0.05601240805180793,-1.2681158418205463,0.04837426824266089
27.3,2.7709392350198687,-0.5987647553721467,-1.2474086087279992,0.0560177641529342,-1.266823617908998,0.04580890707176184
27.310000000000002,2.7706278434517477,-0.5981305385946756,-1.2490528986776686,0.055871207775173466,-1.2667938391795186,0.047706911956867534
27.32,2.771000268293407,-0.5989858557775127,-1.2479074895598883,0.05412942678582943,-1.2664468554142643,0.04781354038619355
27.330000000000002,2.7713196989558035,-0.5993328052127108,-1.2462985203888868,0.054388663489067554,-1.2681587762712185,0.04730993586052797
27.34,2.7708787578382412,-0.5972347852301114,-1.2472094954178463,0.0549444908428278,-1.2682003633824566,0.04659974117564171
27.35,2.7722382115186757,-0.5980395031993921,-1.2460291328088937,0.05549144573194494,-1.2674014387468089,0.04781022339856539
27.36,2.769858607317957,-0.5989542140878633,-1.247588790589811,0.05530948895052999,-1.267357258097438,0.046482922640073046
27.37,2.7705495637388653,-0.5984516555774531,-1.2471564239498787,0.054977905054617075,-1.267308402460143,0.04675938764840741
27.38,2.7703406610814114,-0.5977417030043611,-1.2480933965186896,0.057596724641295005,-1.2674632887731034,0.04755939756593405
27.39,2.76964310162403,-0.5977032323853096,-1.2471096297759787,0.05535606689258047,-1.2679022316007973,0.04696569650673145
27.400000000000002,2.770665076910122,-0.5985491942232926,-1.2470347841790872,0.05507916769437845,-1.2680712304819497,0.04679781131656085
27.41,2.7707016663322084,-0.5981220692331979,-1.2463044477240108,0.05569871989389858,-1.2670652790622823,0.04705299902862439
27.42,2.768779558175371,-0.5988884316710362,-1.2473275342691448,0.054793262005282777,-1.2678951448261764,0.047317889498527665
27.43,2.769311055617608,-0.5993202773375773,-1.2456492006665176,0.05430137488354237,-1.267559856590803,0.046182203073528494
27.44,2.7696440731549394,-0.5988725582855304,-1.2478618227476976,0.05620084894580707,-1.2662208986497305,0.04793450273585208
27.45,2.771194143623168,-0.5999040465203146,-1.2472121194823467,0.05610790183092518,-1.2666397425067621,0.04873008913353686
27.46,2.7712329130354054,-0.5979176660905109,-1.244701754297681,0.05578404552868096,-1.2676522510738994,0.047354773968665484
27.47,2.769501465829191,-0.5986409783876382,-1.2485069628238352,0.05523790746799517,-1.2675006477990576,0.04802871312592598
27.48,2.7712696094143663,-0.5995409145254155,-1.2451883190597928,0.05582948028607031,-1.2671905212494963,0.04578829611994461
27.490000000000002,2.769758897849554,-0.5977838558961461,-1.2468518403413342,0.05579408609776245,-1.267201754882728,0.04594056665486458
27.5,2.770215693132878,-0.5974709999172138,-1.246051668699422,0.05559074287567114,-1.2660354416611048,0.04610122927249737
27.51,2.7694520338207163,-0.5970736826752381,-1.246495623304875,0.05544789823564897,-1.2674482745557398,0.04649608156134519
27.52,2.77054137257941,-0.5985277460853234,-1.2469826473171046,0.05468792177620492,-1.2671689567073536,0.0467379141038642
27.53,2.769439572522734,-0.5975945586373879,-1.2451065609227467,0.05739525586817095,-1.2668326608615093,0.04696823329629493
27.54,2.7702386031718196,-0.598346045252452,-1.2473667353477278,0.05685087888787801,-1.2691765073724703,0.04694193077003175
27.55,2.770999066754022,-0.5994375409275013,-1.2472095694423035,0.056218051609811553,-1.266075060257544,0.04607082583292998
27.560000000000002,2.7691061297888075,-0.5995255670800533,-1.248341753147941,0.05442034339363805,-1.2682488070203082,0.04827642618595
27.57,2.770027661600278,-0.5986726200547202,-1.2478337998582743,0.05625286539466657,-1.2657630870861925,0.04642539679922083
27.580000000000002,2.7718051268921835,-0.5983819797319586,-1.2469852838207003,0.05604917391448866,-1.267059201338837,0.0488206293332995
27.59,2.7707539782303714,-0.5982277949128719,-1.2473678279827456,0.05643223293547548,-1.2682350065063732,0.047295123925798675
27.6,2.7728161395658493,-0.600885317959654,-1.2467965408636408,0.05593703571466104,-1.2675990452389563,0.04702152327553137
27.61,2.770379770075509,-0.5989199143441333,-1.2468062861429696,0.05527447938577608,-1.2656351293272088,0.04698007652095927
27.62,2.7707970797259986,-0.5992838441378483,-1.2461856790863732,0.05634007139232992,-1.2670341264224914,0.0463034807755919
27.63,2.7696434044820077,-0.5972285364820273,-1.2476662564975982,0.05625929265266927,-1.268224381253043,0.04807998037915823
27.64,2.769701005306734,-0.5995405399976451,-1.2476216360810086,0.05521671606410855,-1.267046855878074,0.04726054870596703
27.650000000000002,2.7693442960291144,-0.5987243883703445,-1.247997893227921,0.0562616097472363,-1.2666783910910195,0.04717910200476119
27.66,2.7705370623153236,-0.5971709832682665,-1.247137534556412,0.05487597948917399,-1.266894556806051,0.046211573125114105
27.67,2.770116243914419,-0.5992227174245415,-1.2476124533422648,0.055481757401880355,-1.2666146966723715,0.04816487803963966
27.68,2.7711082670931106,-0.5984064756846081,-1.2472249001266567,0.05364240953222253,-1.267079155256808,0.045210907832889814
27.69,2.7686215454150216,-0.5988410816443732,-1.2467691127977674,0.05530635416110687,-1.2660599962845054,0.04760325977013106
27.7,2.770082350542296,-0.5974902163501717,-1.2456341809459048,0.056147291840542665,-1.268076539935704,0.04671979846011512
27.71,2.76903748230211,-0.598737015710547,-1.2479163340217798,0.055412828089614015,-1.2671725833339997,0.045468887639838286
27.72,2.769197177698549,-0.5991423083682103,-1.2470458387765815,0.0552689989699631,-1.2676360714294188,0.046583735414609105
27.73,2.769035160029128,-0.5991666580871542,-1.2471860246310829,0.055429133536323234,-1.2673024396563355,0.04756555447367598
27.740000000000002,2.7708949183628273,-0.5992528774029218,-1.2483751421285403,0.056809677166917906,-1.2670636349842113,0.04636689993635922
27.75,2.7705423433792618,-0.5977679987755257,-1.245491008814319,0.05591869872291423,-1.266475262919577,0.04614442305995808
27.76,2.770268668938706,-0.5989923536882676,-1.2467010514084846,0.05710603195307635,-1.2671819303652008,0.046381710461716665
27.77,2.7691974418442156,-0.5972637859570633,-1.246551630663941,0.056091024741074295,-1.2676999622236398,0.047433753504136096
27.78,2.769438715002646,-0.5983621056917332,-1.2480252676083288,0.055386461683494745,-1.267961030109131,0.04435741048437711
27.79,2.7699973872862187,-0.5994844089321254,-1.2471835998093392,0.05570150342703816,-1.2658571883321896,0.04746590876304243
27.8,2.7705915682759037,-0.5982674953378494,-1.2462392035507242,0.05609643360969615,-1.2671541590089024,0.04782068002617954
27.810000000000002,2.7681823619807138,-0.5968769585813892,-1.2456126989996268,0.0558894866896869,-1.2686330807455777,0.04825623000749696
27.82,2.7696944785244555,-0.5982341358289287,-1.248119546337172,0.05764290654380989,-1.2686585715513123,0.047260201703251764
27.830000000000002,2.7684480422881528,-0.5987359733758286,-1.2473711313544842,0.05669237972113313,-1.2677712135825772,0.04819363652307614
27.84,2.7694062862079094,-0.5989460579168666,-1.2472285614229761,0.05613248233975049,-1.2670785326689527,0.047830260344706936
27.85,2.7705328536286244,-0.5981228939441673,-1.2477835340895294,0.05603929084322211,-1.2659965755757994,0.04573392973996976
27.86,2.770726739944133,-0.5981093982282032,-1.2457248743363916,0.05633359547549609,-1.2673124578258546,0.04757530966431117
27.87,2.769658558483009,-0.599038566012763,-1.248165620619052,0.056997678054981946,-1.267007163631618,0.04640054106243948
27.88,2.770536803622334,-0.5976882782642572,-1.2461336252566146,0.054890482596580616,-1.270134790278195,0.04754503944990058
27.89,2.769526060244424,-0.5981569167997458,-1.2461707326469664,0.056671828222451454,-1.2658774266963415,0.04827892494751294
27.900000000000002,2.771826769374335,-0.597496542821343,-1.2457204837891356,0.05566433582050451,-1.2685251495678997,0.04936618944325178
27.91,2.770354936799666,-0.5976277499368923,-1.2474802053796115,0.056541181017814364,-1.2695336330056228,0.046841820571699146
27.92,2.770214120128718,-0.5982962976922239,-1.2460644819865343,0.054745180176508035,-1.266824069107246,0.048270468878389775
27.93,2.772347194053987,-0.5980833507547653,-1.247400994615473,0.05459017597114821,-1.2658037198608603,0.04784345222445624
27.94,2.770280822643686,-0.6001135581259105,-1.2478126112942451,0.05625093088368733,-1.2670912224363358,0.04550150529802806
27.95,2.770852058600021,-0.6000687190064862,-1.2458184041825515,0.05588199936948003,-1.267804411505252,0.04806407266601948
27.96,2.770608486324342,-0.5975437825440506,-1.2469297717789396,0.055821142750465604,-1.2676489279620786,0.04742948212329245
27.97,2.771781741669473,-0.5991387445064311,-1.2464345524619465,0.05493166802992276,-1.2692035640105104,0.047381041904074925
27.98,2.7706232397103396,-0.5987960378498886,-1.2483054931650164,0.05596555278349267,-1.2671675975120658,0.046424392582974074
27.990000000000002,2.7691188557839905,-0.5989202500165377,-1.2464302117430581,0.056063599845689205,-1.2681686752892793,0.04731948967811036
28.0,2.771074163832847,-0.5997233438825971,-1.246944886544367,0.05686905729493129,-1.2685125881924715,0.04820838691860861
28.01,2.7717101074836705,-0.5988933521155728,-1.247299767574506,0.05660148850550284,-1.2675626032083014,0.04514650435711022
28.02,2.7701907586894152,-0.5982850583867879,-1.2463576174866071,0.05493105787699956,-1.2676368259620783,0.048052471039785376
28.03,2.7701705117897943,-0.6000192145401125,-1.2459315548954242,0.05551165160398841,-1.266452354598823,0.04598209572464513
28.04,2.770012976503245,-0.5982202117158605,-1.2471033313867694,0.054664100661299224,-1.2694937532650157,0.04852897359389258
28.05,2.7701647640709455,-0.5976140116675279,-1.2462424662281222,0.05621400167284011,-1.2677014976783954,0.0476267703842699
28.060000000000002,2.770947033336452,-0.5985113579910043,-1.245431138293031,0.054379768751334434,-1.268838437513839,0.04806117470517563
28.07,2.7686351472657034,-0.5967337394379328,-1.2459758538407644,0.05706691920827939,-1.2666851421836487,0.0463940590375484
28.080000000000002,2.7674442149016767,-0.5971238718709966,-1.2485202984892567,0.057055672920728995,-1.2669000211231423,0.047130927705892785
28.09,2.7686968175744537,-0.5979107352135314,-1.2474757093855575,0.056905433243034174,-1.2663049774642772,0.0473322648056728
28.1,2.76706917312293,-0.5970387206022704,-1.2491720978351908,0.05603467468838044,-1.2669168522772982,0.04647226253090938
28.11,2.7675744047978665,-0.5980341345546025,-1.2480138360742619,0.05647097821538746,-1.2685617227933288,0.04795209033458049
28.12,2.7639643837161603,-0.5975632682096076,-1.2476542872887488,0.05513937951065583,-1.2673360223709447,0.04712228684729471
28.13,2.7654104021079537,-0.5970917282999689,-1.2474785862641933,0.05584160886526983,-1.2681602548410729,0.04692618781798709
28.14,2.7633169549974532,-0.5974640823282994,-1.2471126713027167,0.05564141366860756,-1.267503406022215,0.0459629916257948
28.150000000000002,2.7623375371613466,-0.5975143957773882,-1.2492309570839866,0.0569655620577296,-1.2673177592598046,0.04803689167868387
28.16,2.760118373095394,-0.5967431119401486,-1.248834629698318,0.05617400253220212,-1.2670456797316505,0.047121492359757204
28.17,2.759520979226577,-0.5964468506485207,-1.250109281182925,0.053952676737144246,-1.2696272811585971,0.04681626466243776
28.18,2.7552741513549415,-0.5952482072007184,-1.2492539249294854,0.056147451855815884,-1.2682492368569493,0.047185166296793944
28.19,2.7525014824942953,-0.594126310139704,-1.2509370159155533,0.05562631483675804,-1.268595038221388,0.04785113623003158
28.2,2.7502719669184312,-0.5948370329438716,-1.250241526966279,0.05652636557883001,-1.2685971564692138,0.04888289293792753
28.21,2.7475599833658375,-0.5942537737462238,-1.2505819146799095,0.0557451529875807,-1.269290592492084,0.04728590005257058
28.22,2.7441014814338134,-0.5933669673759244,-1.2506350248471452,0.05554072984446848,-1.2688877683172355,0.04852207746744175
28.23,2.7409673974592423,-0.5907031006561801,-1.2514226280419605,0.05595869025616473,-1.2698136971409624,0.048369054358950836
28.240000000000002,2.736213537551798,-0.5918529391802798,-1.2522638493337566,0.05544294130161879,-1.269610976148155,0.046451107541869055
28.25,2.73253926054725,-0.5901247859168962,-1.252234589031861,0.053844888973443465,-1.2686930179424332,0.04635458767765977
28.26,2.7290854996850142,-0.5901512272830384,-1.2527570496261708,0.05650237015669614,-1.2706321240973957,0.0476578027663003
28.27,2.724903089346569,-0.5903027256483219,-1.2546423149893107,0.05454436235916423,-1.2699032805883836,0.045885587012854744
28.28,2.7193533008226862,-0.5900201166914848,-1.2536044594202065,0.055147332741685005,-1.2688127117544428,0.04769122269384509
28.29,2.7133704477892344,-0.5884792476526922,-1.2553119144702143,0.054570677984091646,-1.2697609328838402,0.04628781889432301
28.3,2.709855650688409,-0.5856015587569284,-1.25653168193518,0.05605805438874681,-1.2718117318736812,0.04726764106212521
28.310000000000002,2.701120913893855,-0.5839740255728766,-1.2586724305251071,0.05311812954297626,-1.272033258638785,0.04823165143874222
28.32,2.6968940156408356,-0.5842893517159238,-1.2572740182174131,0.05415425960029,-1.2714807616058896,0.048508016186542206
28.330000000000002,2.6893510248730603,-0.583813308305095,-1.2587292890230157,0.054774576371091774,-1.2721422539638214,0.04793055985603406
28.34,2.6825724490772305,-0.5817195197135694,-1.2598381198664999,0.0542466235416851,-1.2712394272814147,0.04736519285705146
28.35,2.6753382084508384,-0.5799934658740599,-1.2603589383458984,0.054532434883959854,-1.2724481976867004,0.04572256189350407
28.36,2.6659545925553525,-0.5779013354520373,-1.2619801549220404,0.05369248614539946,-1.2729174960273673,0.04869832437282851
28.37,2.661558365325868,-0.5766707002493439,-1.2643105498140288,0.052898973800215056,-1.2760737021423505,0.047555250801513196
28.38,2.653154353765204,-0.5749037834866905,-1.2641709952744962,0.05326654962508652,-1.2749713290471965,0.046267517799428226
28.39,2.643571799787954,-0.5751632786440917,-1.264502049443813,0.052099552947525274,-1.2751586488284887,0.04528289251609827
28.400000000000002,2.6351650009371204,-0.5726149121791834,-1.2676702383205187,0.05225063304001343,-1.2755124436431677,0.04648160424104563
28.41,2.625641973259685,-0.5691426672845156,-1.2685837106386912,0.053351656342837186,-1.2764679913993227,0.04625575629287702
28.42,2.6162594507570183,-0.5668388172552108,-1.270410569157766,0.05301749585319456,-1.2773538663954083,0.044518840652567684
28.43,2.6057709319944298,-0.5650543989320691,-1.271116671925466,0.05394293160283014,-1.277522899634366,0.04484890349079046
28.44,2.5953360666142324,-0.5648285563837114,-1.2729561161777143,0.05230416656785756,-1.2782909020220432,0.04770743476572782
28.45,2.585372571648489,-0.562884553152999,-1.274570905748431,0.05178743387300617,-1.279226159183695,0.04649560841922382
28.46,2.5766153424541773,-0.5600957387291413,-1.2754793558631443,0.051211898604567,-1.280360767949274,0.04780593796034305
28.47,2.5646047698411465,-0.5587955131114801,-1.278372040818862,0.05040336312829709,-1.2790183578424423,0.04786410392655758
28.48,2.5517234347824327,-0.5573651647456049,-1.278694756960973,0.050896939153348184,-1.2789119666225246,0.046713179456027785
28.490000000000002,2.54014700702398,-0.5543806175876862,-1.281894296855496,0.0522095800656848,-1.2804005873071227,0.04773663873452481
28.5,2.528482898850502,-0.5524748069275884,-1.2833936520261522,0.05061854853109613,-1.2806226921648345,0.047639883199325495
28.51,2.515750832220759,-0.5504783118994512,-1.2839193774593316,0.0508661851693276,-1.2827647684307528,0.04809511841193778
28.52,2.5025681316269366,-0.5474784877348292,-1.2873927377697798,0.04934849629142979,-1.2831438427419766,0.04605449052098427
28.53,2.489373739989733,-0.5452828800082858,-1.2896797162751412,0.04950953991961288,-1.283991243204383,0.04656036995643946
28.54,2.4764513562420554,-0.5400202057408977,-1.2913274555012235,0.050507511054406797,-1.28438659215713,0.04661710983176771
28.55,2.4628681775354773,-0.5394010899371606,-1.293087039717036,0.049199538414523056,-1.2862709937217789,0.04666197091667605
28.560000000000002,2.4468136435420536,-0.5353978517101343,-1.2934975046570902,0.04958568279946565,-1.2861037282834018,0.047565279939955976
28.57,2.432972660633831,-0.533117690475192,-1.2979215179665735,0.051155657768710124,-1.2877121338510378,0.04738853454000762
28.580000000000002,2.419259934045412,-0.5291759393916057,-1.3002088555096323,0.049886975228146495,-1.2878827663500296,0.04692238793600258
28.59,2.4045992429478136,-0.5287817223467364,-1.304276464775737,0.04951554537148309,-1.2897562104038995,0.04756324972278126
28.6,2.3893911062011,-0.5242013463650901,-1.3036228367638492,0.04612900770213006,-1.28971091034702,0.04621515056088184
28.61,2.374491131694191,-0.5217252189929249,-1.3061436317009614,0.04773844929977473,-1.2919794488860703,0.04610925264452218
28.62,2.3560041831061946,-0.5196928450880777,-1.3103383280739003,0.0464118844619078,-1.2920343166484087,0.0469244963875364
28.63,2.3413625675898255,-0.5164945670396761,-1.3123210180104636,0.04707472377176479,-1.293823482868215,0.046374541545539334
28.64,2.32359802953751,-0.5122749578142296,-1.3144648081108752,0.047359401293563724,-1.2933184816629262,0.046685911031915675
28.650000000000002,2.3088840284622156,-0.5114652177137639,-1.3169171106561801,0.047667853398979,-1.2946515746825082,0.04798280272695821
28.66,2.2926656431880272,-0.5061231826977178,-1.3192644174859085,0.045537784035020186,-1.2965305496244692,0.04598289240392863
28.67,2.273388639690594,-0.5038581337610559,-1.3212912288054508,0.04751858887483101,-1.2963360721084065,0.046026757707634286
28.68,2.2572615498596025,-0.49937666522917856,-1.3243130965687868,0.04560679456999111,-1.2983755853871795,0.046844788786017943
28.69,2.2387170498284408,-0.4968887754884099,-1.3276292701694343,0.04561763176536304,-1.2988927379836495,0.04597141838870103
28.7,2.219580207736601,-0.49168804049396364,-1.328755681809368,0.043265480266562434,-1.2991782228067343,0.04602992283897793
28.71,2.2024674696648048,-0.48826692615230255,-1.3309666025039428,0.04551941394539039,-1.30123165529775,0.044978996162964656
28.72,2.182034237592581,-0.4849295153156705,-1.3340192605086538,0.043573260842396294,-1.30278613994659,0.04565992508841114
28.73,2.164567500654558,-0.4811498314201123,-1.3378155367890812,0.043719697793383604,-1.3013538636876458,0.0448608187240713
28.740000000000002,2.1466103673290897,-0.4793531004632282,-1.3409921863953178,0.04368065525908587,-1.304071363802626,0.045850624457502064
28.75,2.1266546797192256,-0.4749900808956298,-1.34467787962232,0.04372985225828481,-1.3057110629328696,0.04642388472376758
28.76,2.107551450091621,-0.47118410613240996,-1.3456210765017163,0.043692850021428475,-1.3058824007576773,0.0463344889670368
28.77,2.0892315400199535,-0.4676099450178107,-1.3497636070382495,0.04346335159486269,-1.307553378827738,0.04572072769129013
28.78,2.0673861231383253,-0.46361910277065144,-1.3531560523062647,0.043540882378876745,-1.3088099419690202,0.045270311308981986
28.79,2.047451758500973,-0.46027922519492115,-1.3560437136770707,0.04150246352435905,-1.3096953750930644,0.04505944139644124
28.8,2.0302502541634797,-0.4565482087483749,-1.3598097861112681,0.042729803898960084,-1.3107203309761217,0.04570762265460498
28.810000000000002,2.008305303641324,-0.4514628036677909,-1.36151027592203,0.03973035527790697,-1.3152546992481384,0.045093152459828964
28.82,1.989117161475592,-0.4462600956713329,-1.364931634922591,0.03962790804773271,-1.314071119290863,0.04617667316424202
28.830000000000002,1.9674635660069402,-0.4461167297327568,-1.365043992323312,0.04105133096064261,-1.3157206959306658,0.04512960017632709
28.84,1.9470632898403497,-0.43948351786787,-1.3708375153756178,0.04005938698804772,-1.3168892679331832,0.046070021559174563
28.85,1.9259612795719128,-0.43559424993035517,-1.3738028758070477,0.040468608546511915,-1.3194357050413417,0.04498554178557329
28.86,1.904347767397019,-0.4324840355449647,-1.3775605064905694,0.03996806803244668,-1.3194307354028534,0.04404780159627009
28.87,1.8828320214202896,-0.42772646675801357,-1.3803565082335751,0.038918386277633575,-1.3201527298440345,0.04548498848897492
28.88,1.8609251747121334,-0.42407063600628336,-1.3841277051124639,0.03777102228145847,-1.3212362460181182,0.045920629770332476
28.89,1.841346548503331,-0.41990935940091856,-1.3854766120500293,0.038191636953086056,-1.3230203668900011,0.04605616302916911
28.900000000000002,1.8186036707904978,-0.41728457970919014,-1.390545345897509,0.03783955205854062,-1.324332923112226,0.04537172227107704
28.91,1.7969326390793994,-0.41300456518169404,-1.3920085381468923,0.03658695955156832,-1.326067583050482,0.044866344086634626
28.92,1.7771681816101794,-0.4063670250487019,-1.3973438397036861,0.037364223406247274,-1.3271138437454315,0.04488086001034463
28.93,1.7541483885070983,-0.40364464323728033,-1.400910737266724,0.03660349981471226,-1.3284785286108742,0.045913342875391686
28.94,1.732925405736269,-0.3982955692445364,-1.4048109865616363,0.0347468481250656,-1.3290914035920913,0.04422318396145212
28.95,1.7112180726705892,-0.39579095758281974,-1.4062865277590904,0.03648424214349889,-1.3302177834835724,0.043681470964377744
28.96,1.6898068845961727,-0.3887817898070729,-1.4071419463207844,0.035069012664358405,-1.3333925323126607,0.04563666017576189
28.97,1.6685983657138683,-0.38632316678854584,-1.411959708202916,0.033496228057807734,-1.3331871115367904,0.04304548616764011
28.98,1.644488989331997,-0.3819480895426109,-1.4164782208544922,0.032667894648092465,-1.335259857705169,0.0454664073020994
28.990000000000002,1.6233382912787697,-0.37766904044682365,-1.4188161438991238,0.03307706811346149,-1.3349505436008964,0.04427607051016954
29.0,1.6031824996268873,-0.3725286905597993,-1.4230606666699868,0.0326975218011782,-1.337269589162266,0.045622438943112104
29.01,1.5805416345174093,-0.3704476680516185,-1.425663352116915,0.03067645881810376,-1.3389180738022877,0.046329405636271526
29.02,1.5564445893415297,-0.36645284997418803,-1.429146187637931,0.03330786282535026,-1.3397922134844373,0.04335917833283035
29.03,1.5343256297222314,-0.3607547985935296,-1.4336590906838171,0.031790361398740696,-1.3412169109486145,0.04455455180099633
29.04,1.5155171309952882,-0.3561127275097629,-1.4348598842476954,0.03204892826218197,-1.3428291125787308,0.044772980681493775
29.05,1.4918477655531204,-0.3518282872669308,-1.4397666728424763,0.032326114748677734,-1.3446571441534165,0.04509061768765804
29.060000000000002,1.470125324456748,-0.34861912971078024,-1.4405787434951596,0.030013613673458766,-1.3455776513220246,0.04428475048933133
29.07,1.44863120104273,-0.3441273190480531,-1.446718678070837,0.029603469655072694,-1.3460820208335542,0.045721489146303564
29.080000000000002,1.4269475402644938,-0.3398123686073181,-1.4493152635908895,0.029113568944875476,-1.3487152329316396,0.043427908505727864
29.09,1.404714480518188,-0.3349132798738356,-1.4526184231348815,0.02882965979612798,-1.3495262055569583,0.045833746324570976
29.1,1.3829964503713021,-0.3313138808520721,-1.455543844535346,0.028772004524916444,-1.3502838392308618,0.04475875294621918
29.11,1.3630645742827934,-0.32745134825946975,-1.4571848392912796,0.028334341485168533,-1.3532682451633484,0.04522738706219337
29.12,1.3413758707053551,-0.32328592971578907,-1.4621422886634665,0.026034824458441366,-1.354759537596032,0.04606974814885857
29.13,1.3192875958176586,-0.3183801571413504,-1.4665077665472812,0.026553291725359845,-1.3537410620797024,0.044504413857693985
29.14,1.2991446142956335,-0.3151647907343682,-1.4684663250731,0.026462248475924047,-1.3566412301775967,0.04577999844275015
29.150000000000002,1.279040326808669,-0.3120125889036482,-1.4724067377199843,0.026343401901439415,-1.3565609482507817,0.04435950825577276
29.16,1.2572342104048375,-0.30712714659012796,-1.4746821053133805,0.028346393886924986,-1.358567424777206,0.04591179306652194
29.17,1.2373232868855133,-0.302648614236243,-1.4793812126762178,0.02586404239520881,-1.3598011286323224,0.044460942246993165
29.18,1.2145401187162348,-0.29846079103797507,-1.4799372993438031,0.026457149282270862,-1.3609196880055379,0.043481887386070346
29.19,1.195334371512602,-0.2936499339023833,-1.4838098660979342,0.025432956558032196,-1.3620162350960994,0.043930324243275
29.2,1.1753221981257667,-0.29136753671585075,-1.486567699829329,0.025086403281796676,-1.362723390347545,0.04482006860365403
29.21,1.1538919269244161,-0.2881976223534616,-1.4899811477090426,0.024235865131230553,-1.3646878122645436,0.044507425935582164
29.22,1.1354934135340449,-0.282522589972235,-1.4917091771769961,0.02271664990614779,-1.3664417051624205,0.044008531862540445
29.23,1.1150189453105908,-0.2799612145415318,-1.4963939380049696,0.023213915527649565,-1.3661888261549258,0.04306549203774154
29.240000000000002,1.09743282710067,-0.27596589131763344,-1.497935981320536,0.022592677131659203,-1.367281738245568,0.044278006881995596
29.25,1.076772804032854,-0.27242681893512316,-1.5004105622447805,0.02141987778055771,-1.3681149415552107,0.04425947411309197
29.26,1.0559791176025393,-0.26685880694727304,-1.5030319100835634,0.020539262563202133,-1.3699373139083149,0.04473725809104429
29.27,1.0383084105675426,-0.2635895389015892,-1.5063527718950518,0.02221172602633535,-1.3692398648252937,0.0449049657189291
29.28,1.0188908745715535,-0.26178616064950083,-1.5092245769339212,0.020923844301271897,-1.3727068515878404,0.04384470276846411
29.29,1.00100869147476,-0.25790861111665525,-1.5142405592687038,0.022269856993442007,-1.373810910307625,0.045783256927901646
29.3,0.9826972123259918,-0.2531144393545633,-1.5152874341601716,0.02204780965179591,-1.3740550558956333,0.044192934897561646
29.310000000000002,0.9653588620315643,-0.24857747339418457,-1.5187841034303327,0.021243024480491167,-1.375637770321874,0.04439694163520978
29.32,0.9466601475273195,-0.24920381071011638,-1.5213971205455648,0.021075490228976014,-1.377366664050265,0.04472705097178644
29.330000000000002,0.9292538819475787,-0.2441103741186042,-1.5230678564675704,0.020456320692603582,-1.377382511170386,0.04477841788331105
29.34,0.9119989460851847,-0.24205061571288863,-1.5267854480516336,0.017951182238476433,-1.378211012649213,0.04464292685793531
29.35,0.8956351314536786,-0.23691144962284377,-1.5281683138988906,0.017818916625355504,-1.379897908560468,0.04259553864515301
29.36,0.8777614819283771,-0.23270258142702496,-1.5305759904743343,0.01944689784014438,-1.3809657646349451,0.042933135267679064
29.37,0.8617728998084094,-0.2299714622737534,-1.5336480712292222,0.017164696864693452,-1.3817027518651377,0.04210093445724683
29.38,0.8461268973705129,-0.2284270903535202,-1.5375067665580515,0.018947229153184857,-1.3822758871308625,0.04394435558413733
29.39,0.831438158353826,-0.2242047132448305,-1.5393930096470738,0.01837706489156316,-1.3839665998331294,0.044818437832868104
29.400000000000002,0.8141610068691091,-0.22141968638701603,-1.5424360838892337,0.017673679388087803,-1.384701593220669,0.042791141148167414
29.41,0.7984073071983934,-0.21842009013934743,-1.5434840908287002,0.016089749166795,-1.3858088088610598,0.04324899027168636
29.42,0.7837532437076395,-0.2158324433046234,-1.5460974545598039,0.016636478497394327,-1.386411691255458,0.04447079481521431
29.43,0.7691145066708458,-0.21183037193834198,-1.5469617252754126,0.01804947810535647,-1.3861578006783155,0.04496793471559274
29.44,0.7534592389626581,-0.2097315924776463,-1.5490536057391906,0.017683857500987804,-1.3888881193506277,0.04415179357728711
29.45,0.7404363843357998,-0.20596898335694333,-1.5534468350628794,0.01551729732600349,-1.3906403630955377,0.04367899805319307
29.46,0.7285661120838194,-0.20496442202963341,-1.5542201290320863,0.016400579247075033,-1.389987663085186,0.04384745537474159
29.47,0.7134704805929173,-0.20306974329544386,-1.5564146703626198,0.016305827723213744,-1.3898826861982927,0.04463700591785822
29.48,0.7002795772723247,-0.19948934688560166,-1.557653977606769,0.014883545438819536,-1.392035448062061,0.04337133151174477
29.490000000000002,0.6860566359924064,-0.19697510211244107,-1.5593204894677077,0.014533464268932303,-1.3918690848021729,0.042908188285867746
29.5,0.673790995519754,-0.19312962209053308,-1.5629888712173046,0.013793544223249923,-1.3928100864058328,0.043669094820573164
29.51,0.6630979241356137,-0.19083361732445353,-1.5646212766819,0.014168444278367132,-1.392322449871111,0.0442324532260739
29.52,0.6513821479588245,-0.19081508649431222,-1.5647396893756196,0.015143837670580619,-1.394270107997364,0.04288120912372725
29.53,0.6392778979778754,-0.18664613836761537,-1.5684059831932322,0.013521147802929874,-1.3956725534503753,0.04301248513946528
29.54,0.6280059681484241,-0.1850969563445027,-1.568727527210712,0.014054876171482872,-1.3955521302150853,0.04389546859241095
29.55,0.6157223555531458,-0.18291169233520285,-1.5714798196132078,0.01340395126788865,-1.3961458308423873,0.043265671731775694
29.560000000000002,0.6071213292291814,-0.18170120594426387,-1.5725890166632779,0.014920830129718829,-1.396453923791407,0.04357626897518673
29.57,0.5971441477096092,-0.18048355617659334,-1.571965905656964,0.012439902390068055,-1.3975817869748677,0.043044419294205535
29.580000000000002,0.5864374099089571,-0.17837250889659556,-1.5760137028435002,0.014234942338015468,-1.3993203491986126,0.044135052326309224
29.59,0.5778045429145435,-0.17648154301191724,-1.576301248859482,0.012875565132692092,-1.3997981398650516,0.04230811170902563
29.6,0.5686657726258335,-0.1738604535292185,-1.577929925199636,0.012493697365624723,-1.399551590863074,0.04295916527586126
29.61,0.5577610887768082,-0.17263658219332909,-1.5790096636827202,0.01272291327530928,-1.398369438695156,0.042350792317887284
29.62,0.550236184145592,-0.17094150926164123,-1.5805268537736528,0.010839884163998875,-1.3998951427084092,0.043428912861399584
29.63,0.5408256540696399,-0.16959145194484704,-1.5826688498635548,0.011945002459844936,-1.4020765420272006,0.04356078713485768
29.64,0.5364077197803224,-0.16775450959808652,-1.5850212878283496,0.01243791356550533,-1.4015464559427189,0.04222275613950062
29.650000000000002,0.5277051819148143,-0.16577804361443815,-1.5848440438272486,0.010608785519460437,-1.4035800395755964,0.04258922290505572
29.66,0.5201162168170759,-0.16561947519788392,-1.5859312779955441,0.012399732099545232,-1.4018488357171184,0.04333148391181122
29.67,0.5141462795671458,-0.16442821418195125,-1.587315417346316,0.011315612710125267,-1.4031773712150515,0.041354967776850535
29.68,0.5064631452617758,-0.16163997502171948,-1.5866379244620912,0.012103332298910367,-1.402935741330964,0.04439778922194358
29.69,0.4998399839538587,-0.16225650925723423,-1.5872840529574797,0.01154893775985978,-1.4040063466036985,0.0436039387542533
29.7,0.4945252843928674,-0.16101686737326995,-1.5899010878536315,0.011691445065379414,-1.4035920684091083,0.04443538112485622
29.71,0.4891104479217768,-0.15948576808966514,-1.5887232964974445,0.012163062487648982,-1.4039775179148475,0.04173956772988051
29.72,0.4834194112394941,-0.15912880383988778,-1.5907350863421452,0.010757402086599609,-1.4030189603557388,0.04172106356804388
29.73,0.47818264898909374,-0.15704521701004945,-1.591053438984767,0.008847316963383419,-1.4062277674358616,0.042853502618765214
29.740000000000002,0.47574657497858586,-0.1547186629134501,-1.5925668353285298,0.010865924893171872,-1.4057213046685104,0.04362779305449563
29.75,0.4715576241669282,-0.15443384677359456,-1.5928829433068437,0.01019862024041703,-1.4052439270865653,0.04427238314660013
29.76,0.46582234166608383,-0.15633349289459977,-1.593781074271602,0.010608014008788483,-1.4070833047008138,0.04326263014818569
29.77,0.4628429357689018,-0.15239968480102947,-1.5951965866359592,0.011415619665177875,-1.404876176611653,0.04350681967799121
29.78,0.4580270192801806,-0.15427852430580455,-1.5944746959016203,0.010788771721103065,-1.4064176097772798,0.04417424994985909
29.79,0.4553278753019762,-0.15437980286206204,-1.5952404332115921,0.011066362883926352,-1.4058244601897543,0.04333294841258503
29.8,0.45401360736445767,-0.15312826229731963,-1.5958609152873453,0.011937794004225762,-1.4080175806533133,0.042989094755313664
29.810000000000002,0.451066976689578,-0.15057281819597904,-1.5953233960477162,0.011134786627312496,-1.4073719457652123,0.04422939641979619
29.82,0.4464761233209894,-0.1521513103427941,-1.5959325562572937,0.01005829190218381,-1.4064312098584975,0.043402548565611966
29.830000000000002,0.4468393490880065,-0.1503468461666163,-1.5971469936824763,0.01103535837496276,-1.4074714231695167,0.04381949494852062
29.84,0.44333464814533685,-0.14998863704479728,-1.5984632845657696,0.008441753303366115,-1.4081762507781623,0.04454247856622484
29.85,0.44048363243218325,-0.1493537129999082,-1.5977391000437142,0.010161540463471149,-1.4070124768998988,0.044450252478334576
29.86,0.4404097314863468,-0.14935119756228687,-1.5962858202764096,0.009787568501803028,-1.4061361960941616,0.043799470615754475
29.87,0.4392865771521915,-0.14955472533995479,-1.5980079927323507,0.009554023756782892,-1.407856187619773,0.04221019396144581
29.88,0.4376258279314358,-0.14938666864966213,-1.5974309839494358,0.010715404465011132,-1.4081487774102035,0.04205727266702342
29.89,0.43607583952256934,-0.1496653118895704,-1.5987306816490285,0.011749358789654479,-1.4086238200711132,0.04477188070518998
29.900000000000002,0.4356593252010411,-0.14796096423760563,-1.597335155729224,0.010791093137184337,-1.4058875248620306,0.04206027737037731
29.91,0.43455247592411334,-0.14942747117823552,-1.5996810356101065,0.009661671841195091,-1.40574669001755,0.042852195310108754
29.92,0.4358386803795751,-0.146751009784279,-1.5956745773197525,0.011890257108051621,-1.4053577715002465,0.043286291511081806
29.93,0.4338496187084622,-0.14822581683173025,-1.5983570413679156,0.010349104010785877,-1.4067866384216483,0.04259520476970109
29.94,0.4321008870418286,-0.1480988840463309,-1.599013900747935,0.00969750067261914,-1.407588430482762,0.04267632735886809
29.95,0.4340203849103208,-0.14851327177135087,-1.5974344337503834,0.01038662853228552,-1.4075561781928174,0.0431387053082093
29.96,0.4317542829497094,-0.14803993168357268,-1.5977316593915303,0.011068211790762924,-1.4086691200425792,0.041674765710552536
29.97,0.432308666998275,-0.14710651517086532,-1.598295564784597,0.009525452149090285,-1.408763306251612,0.042403245309204175
29.98,0.43206717467807965,-0.14748795622372235,-1.5976129259654028,0.009284235977670799,-1.406841358551496,0.04356793389811767
29.990000000000002,0.43167343441182204,-0.14837370439940978,-1.5982021423662236,0.010342506224915162,-1.4089925548748563,0.04311448349831189
30.0,0.4332552458635163,-0.1469215440453979,-1.5990836304225466,0.009724002325158743,-1.4076822706381233,0.04325413383306042
30.01,0.43278466397389764,-0.14777264179569358,-1.5994819104930393,0.010546320176345568,-1.408147705107194,0.04287491757396995
30.02,0.4341905230732276,-0.149520197037765,-1.598743881373824,0.009087661723827682,-1.4073664229932357,0.04391475578506675
30.03,0.4328480520208347,-0.1484018537964991,-1.597340750278344,0.010488417783631587,-1.4067847936939886,0.043624179819982914
30.04,0.43019000674342855,-0.14836690615458284,-1.5994407974531835,0.009476284482727472,-1.4062131808661504,0.04267292045896939
30.05,0.43435157731676716,-0.1495284398887962,-1.5994456811561748,0.010865276454418343,-1.4077979028496161,0.04326819369525366
30.060000000000002,0.43260199380536907,-0.14842442123938068,-1.598765496055135,0.010356637506229192,-1.4069400649637889,0.04440884910257993
30.07,0.4325232744740853,-0.14864351421603922,-1.5989559337187653,0.011482628378148608,-1.4068975778818436,0.04134278070516122
30.080000000000002,0.4310043072986268,-0.1490243621489682,-1.5982991602121395,0.01017079179347665,-1.407050770967584,0.04284689671414347
30.09,0.4339194779294868,-0.147626205712414,-1.5984323016391653,0.011199497205786852,-1.4089389421335463,0.04292575830769018
30.1,0.43282000212519717,-0.1477746240429323,-1.5999967646983815,0.009972752104005302,-1.4071505320289257,0.04341640250857254
30.11,0.4337350935544767,-0.14763546123390042,-1.5985530981949188,0.01078902571418427,-1.4076757229217107,0.04312808443659392
30.12,0.433393595895633,-0.14833953239974482,-1.5981841044116964,0.011038900157643826,-1.4068785189181547,0.04407640725579074
30.13,0.43473195446308677,-0.14768657979756042,-1.5989025536918469,0.010646649868602396,-1.4070908787519127,0.04353538907989749
30.14,0.43400464779425507,-0.14976966454012502,-1.597178927135476,0.011814793344102778,-1.4070042648270973,0.04351673533919538
30.150000000000002,0.4324891251246487,-0.1482944812777918,-1.5978909218400732,0.010752878761886525,-1.406871062113014,0.043546871494662354
30.16,0.4334839931507845,-0.14761351953261578,-1.59939391284486,0.010926290880917197,-1.4058780772055017,0.04297676377546331
30.17,0.43400854310799636,-0.1491004911598263,-1.5985259727853112,0.009640483961245817,-1.4062964024015863,0.04443158585881032
30.18,0.4326134350549634,-0.1472780560343066,-1.5970595565310999,0.010171272877128627,-1.4073867703582186,0.0436402001821613
30.19,0.43196474690746817,-0.1482039217232489,-1.5966300654913748,0.00976365588835725,-1.4067548960429872,0.043457105611083804
30.2,0.43255708728453063,-0.14810656944124584,-1.5969705505890366,0.010683104646872724,-1.406880566396606,0.044397015897031496
30.21,0.43244744174923727,-0.14921360560824448,-1.5969568257848847,0.010319137730369179,-1.4067201861483138,0.042334742286344755
30.22,0.4330390531628577,-0.14925725443844548,-1.5984443764966025,0.009634580355931505,-1.4082658978919311,0.04273547556910652
30.23,0.43069863911228873,-0.14931220582705632,-1.5978172148429521,0.010503396159806453,-1.408437404950322,0.04347810988359096
30.240000000000002,0.43193361451784473,-0.1476699676690422,-1.5986009141287933,0.00991627652755986,-1.407579468003142,0.045233609943365276
30.25,0.4320378207557599,-0.14810229026623623,-1.597818127167365,0.00936013635099494,-1.4088912524194228,0.042475442913884325
30.26,0.43336275667035423,-0.1485984543142922,-1.598701677971157,0.010994796457114372,-1.4082036670818927,0.04292254637959341
30.27,0.43137892447386006,-0.14802011982082156,-1.598299717294608,0.010894236386107264,-1.408499424513816,0.042832546496091736
30.28,0.43158432414104225,-0.14851476859922955,-1.597206895963338,0.009920090416170405,-1.4086919899125667,0.04240669341550752
30.29,0.4312941793207915,-0.14943077515466155,-1.597914453426415,0.008937879779581432,-1.4072274418875097,0.04302246472262123
30.3,0.432236154099298,-0.1481015997146824,-1.5993182640303665,0.010933775164569545,-1.4081094168754724,0.04266283128365618
30.310000000000002,0.4322589980538778,-0.14769832080978115,-1.5980248830558414,0.007912134132562776,-1.4072781311831004,0.04147755554889759
30.32,0.4324021406156877,-0.14839439964223017,-1.5988072287632036,0.010637047219145143,-1.4068716146527729,0.04232502376318775
30.330000000000002,0.431993318801682,-0.14833138935708545,-1.5998471603787272,0.00978375819367396,-1.406323580161712,0.041685504780621066
30.34,0.4324031916118396,-0.14881687996739346,-1.5967500736542646,0.009730627551243244,-1.4079187139868208,0.0421004879097889
30.35,0.4327081348082236,-0.14806423476797098,-1.5992730236460238,0.011062823413106904,-1.4072634523985954,0.04374342235676422
30.36,0.43241364773232116,-0.14808778163683434,-1.5986859617730007,0.011472067124209662,-1.4073985404000442,0.0430076392610323
30.37,0.4323001084173082,-0.14875026320861412,-1.5982925483544825,0.010915224983705457,-1.4080973896364861,0.043110461257575894
30.38,0.43286071820000027,-0.14798726883601104,-1.5999900717089213,0.009393018484459363,-1.4086919241973224,0.04302869707588517
30.39,0.4319137524111312,-0.14873305207001628,-1.5995422063667344,0.009848109738104068,-1.4084809654487396,0.043661399887106773
30.400000000000002,0.433118205297029,-0.14816890022026835,-1.5987634940411375,0.008421782840185061,-1.407899860713467,0.042335503810089964
30.41,0.4329157874623287,-0.14775920347530755,-1.598216704558999,0.011302208853654046,-1.4079959477287984,0.042467870158585226
30.42,0.43360571961645583,-0.14815494883222577,-1.598715547063537,0.011811393684305463,-1.4069958349879412,0.04283371883971787
30.43,0.4321014002257438,-0.14714239931557174,-1.5983193610221829,0.010221395048419605,-1.4069098374843643,0.043768021540446116
30.44,0.43317985208436277,-0.1475285857849005,-1.5981061015639035,0.010684233383458488,-1.4081384744749623,0.0445798317930243
30.45,0.43162341401978044,-0.14803001709975266,-1.5996665493248707,0.010114366520824149,-1.4079985477488246,0.04311846934669331
30.46,0.4329982398391836,-0.14913455859325225,-1.5985256689543292,0.011416210194101701,-1.4086451673305203,0.042254697486952715
30.47,0.4334511501328983,-0.148232320657904,-1.598368092439697,0.011092127096777614,-1.4081929556666708,0.04254679451565973
30.48,0.43213918917594957,-0.14860386448207416,-1.5973310464607242,0.008715527574647882,-1.4085421525119817,0.041808216696849934
30.490000000000002,0.43392320872723783,-0.14883616508922745,-1.5987850765351839,0.008790965869002387,-1.4077289750121176,0.04375618285343697
30.5,0.43292074666792446,-0.14839412914198505,-1.5998656202417967,0.0099138078143844,-1.4073717926824851,0.04213446953208234
30.51,0.4332715003474456,-0.14752763198776012,-1.5989613330276216,0.010833408079914487,-1.4075957658647955,0.04400106673766161
30.52,0.43447513132498145,-0.14925440317875727,-1.5978284981807682,0.01133879641506995,-1.408347078396176,0.04249811253716572
30.53,0.4321882894488805,-0.14841587348986654,-1.5988109875712044,0.010026964054123911,-1.4067687172289132,0.041345592172759175
30.54,0.4318501176614422,-0.1477153774659293,-1.5980176118090037,0.009276247672141634,-1.4070115679068684,0.04415790985662112
30.55,0.43265721629508996,-0.1491796119283391,-1.5977364583711489,0.011703640796594321,-1.408273303296482,0.043034253896433214
30.560000000000002,0.43365134025939733,-0.14819933053015114,-1.6000248037009508,0.010586954957724725,-1.4083541716725394,0.04189108533840274
30.57,0.431192255445629,-0.14726117366472527,-1.599228423041026,0.010490890693067334,-1.406994766948369,0.043141213708226316
30.580000000000002,0.4329588068287876,-0.14796747281332256,-1.5983794870339325,0.00953663568174122,-1.4082411864969544,0.042908386320015104
30.59,0.432589901098195,-0.14792534785626874,-1.5975386289561575,0.010500114042859795,-1.4082076295374706,0.041096582476696564
30.6,0.432028975700816,-0.14947328917849834,-1.599137369984812,0.01041142655787578,-1.4074263553890392,0.044621565875121685
30.61,0.4331215681819739,-0.14663393724674015,-1.5978759231394812,0.011147457869088889,-1.4078132013166336,0.042062313758132956
30.62,0.4323082085848065,-0.14831035811954987,-1.599048172037577,0.00932633842057925,-1.4071362404910421,0.042122625457981865
30.63,0.43136177582262547,-0.14927920485892104,-1.5987045137445157,0.009335259947429229,-1.4076990459901733,0.0435239865050986
30.64,0.43320129612664765,-0.14887667939480465,-1.5996379036973756,0.009697673764070375,-1.4069278419672833,0.043775970094657266
30.650000000000002,0.4330079545509567,-0.14725154925789855,-1.5969909864790088,0.00977830408082746,-1.4062027288339387,0.04277262764988453
30.66,0.4335899858819681,-0.1476816538716338,-1.6002253089460117,0.009356807758670802,-1.4085657747627218,0.041444870593636836
30.67,0.43346734708111867,-0.14649465598277817,-1.598724861679943,0.010945392306924937,-1.4062044200023915,0.043181803705223336
30.68,0.4326779101836731,-0.14851440316357506,-1.5980308913791093,0.010963314556033627,-1.4070969991943876,0.04337303190518532
30.69,0.4326553170393674,-0.1496901150648531,-1.5977165946633543,0.009078953100444747,-1.4069594840603012,0.04365950464101845
30.7,0.4317047852440594,-0.14883040624961422,-1.596648664204049,0.0101306386626163,-1.4085648373107096,0.04369889898219307
30.71,0.4320257136807112,-0.14997597337777346,-1.5980464155017493,0.00940010005660728,-1.4072197102954598,0.04229079415184778
30.72,0.433317152083696,-0.14813986750318664,-1.6007595107449126,0.010533368830960196,-1.4077528382813644,0.04423631937136602
30.73,0.43304488390975254,-0.14764012779808644,-1.5991200638223786,0.009510535821720022,-1.407522383263897,0.0426853030625829
30.740000000000002,0.4338676331691277,-0.148433796119039,-1.5995688586143628,0.009477799411473494,-1.406657834056177,0.04285404043222351
30.75,0.43250739264756893,-0.1473748118114217,-1.5992982814760874,0.008249440711495188,-1.4082442665529682,0.043211262583914285
30.76,0.43248226012242214,-0.14966173173080588,-1.5976133207890824,0.010342678001306465,-1.4071605206369304,0.04336617903041842
30.77,0.4315668238246471,-0.1480356882836716,-1.5977080971836723,0.011195108400707149,-1.406870579010232,0.04344779010160326
30.78,0.43118381392177957,-0.14831303294318043,-1.5993347685968895,0.011318902555164297,-1.4065135578030499,0.04217050713089333
30.79,0.4326598764655121,-0.1480831345994251,-1.5977139113341818,0.008737747226665395,-1.4094282592301002,0.043033290855945254
30.8,0.4304909220854588,-0.14816161946729786,-1.597983201224754,0.011278683210903466,-1.4080432932901399,0.04314065752094214
30.810000000000002,0.4332685495905606,-0.14932600926142028,-1.5977012083564177,0.010439408842639981,-1.4080283515957468,0.04312337782418451
30.82,0.43257840772360207,-0.1476192570579568,-1.598814560769755,0.010398173840471975,-1.4080418650583255,0.042181577729928955
30.830000000000002,0.43284969059969824,-0.1490825774207451,-1.597801361899382,0.010716820381195704,-1.4081676883208902,0.04318655862062612
30.84,0.43202831012434495,-0.14970002703465737,-1.5990211772773864,0.010156090283001368,-1.4070449850500817,0.04313044584761798
30.85,0.4334920955284507,-0.1491562290100203,-1.5988287313578011,0.011634980652799103,-1.4091851852521788,0.04260559546465128
30.86,0.43176494513481745,-0.1484705172753688,-1.598879126954139,0.010725479750173041,-1.4072770161593218,0.04186063372991358
30.87,0.43218673176438344,-0.1483001021446315,-1.5978547684573607,0.01232315488623766,-1.4068866949756789,0.042116427135511524
30.88,0.4326181045652954,-0.14814206847644643,-1.5989532540396147,0.010610377352338116,-1.4094821504373476,0.04348271410741667
30.89,0.43228427354817495,-0.1483957358749875,-1.597220915439599,0.00909911858575824,-1.407262007532735,0.04369282727781473
30.900000000000002,0.43284864660166406,-0.14970864852458426,-1.5973215566322883,0.010015558796649152,-1.4079603662386315,0.04272905257173259
30.91,0.4323665143626169,-0.1493386276989896,-1.5983560534584929,0.009678815880515567,-1.4069145395368985,0.04345168727785351
30.92,0.43411866418921186,-0.1484846847579099,-1.5992009676435779,0.008917407854781758,-1.4055859468143077,0.04357779822714948
30.93,0.4320957496284506,-0.1468224434472695,-1.5973165250604746,0.009020787923701605,-1.4081575308700633,0.04288452478848799
30.94,0.4317661745899123,-0.1483842814808801,-1.597878695994286,0.009001603826675631,-1.4072443087863853,0.04401970684870942
30.95,0.4330492580454195,-0.14836598771796342,-1.5990830287721487,0.010925046311578365,-1.408527056549409,0.0432118758250245
30.96,0.43272226667764196,-0.1473177190747944,-1.5990085442296285,0.009765643563868899,-1.4085837315428686,0.043381602517948606
30.970000000000002,0.4323301509058486,-0.14905230146495607,-1.5991691734305684,0.010668712967191827,-1.4084625146119805,0.042114973237471945
30.98,0.4334822229081574,-0.14844496755017664,-1.5976662168713787,0.009886402891833321,-1.407500982532576,0.04313639684568785
30.990000000000002,0.43391063565147064,-0.14716041097851534,-1.5974936108313798,0.009651252016047872,-1.4083611712570887,0.04366391579757388
31.0,0.4339014494906963,-0.1472852492260331,-1.5984886123747297,0.010835132771610141,-1.4068495265624976,0.04312997710533408
31.01,0.43287077778611277,-0.14821486718907928,-1.5991873078801853,0.009601362755456418,-1.408111992009778,0.04160440784701193
31.02,0.4328476955676295,-0.14833984365747271,-1.5978315983666103,0.01130063157853913,-1.4063429550843312,0.04423788600118577
31.03,0.43211645170416124,-0.14956448123740282,-1.597676175197339,0.01140764024067264,-1.4061375178081075,0.04342337761570249
31.04,0.43113898973825737,-0.1480159052420117,-1.5979880032539424,0.01129617325374702,-1.40624153916053,0.043794130894399784
31.05,0.4325391925736126,-0.1492658366045363,-1.5979811480907626,0.009515332803479097,-1.406191622092816,0.041513123599164405
31.060000000000002,0.4337977928756682,-0.14813735443909334,-1.5985897524328898,0.009404422561379964,-1.4092630940342812,0.04253732456678421
31.07,0.4332019170616522,-0.14751293945701366,-1.5990402660744676,0.01061361518505753,-1.4085707335033184,0.04342080314485201
31.080000000000002,0.4321549744405071,-0.14674274651029282,-1.5984114262789135,0.007788738825693536,-1.408041984340209,0.04223836984534428
31.09,0.4341166325179027,-0.14900143149359285,-1.5987791695507831,0.009526259634721326,-1.408391937849051,0.04372072012101874
31.1,0.43645542156244205,-0.14904377707024316,-1.5981083099431042,0.009269785588640982,-1.407275769436348,0.04320554536549286
31.11,0.4360839219446397,-0.14864325083085295,-1.597692977884735,0.009349682564342264,-1.4062445852402266,0.042825218397717364
31.12,0.43876790493187845,-0.14882052144981298,-1.5960874880185187,0.011315262914878811,-1.4070257054375679,0.042377245332205396
31.13,0.43789776033920835,-0.14895428758193702,-1.5975014624220025,0.009799065722844445,-1.4064248061755238,0.0430442732684533
31.14,0.4406318283725974,-0.15053846058460954,-1.596545199559343,0.010777338117250682,-1.4060234245352368,0.04386590474598584
31.150000000000002,0.44141145070359433,-0.150137090371035,-1.5956229417401624,0.010117437415574608,-1.4063203195013543,0.0426829622545068
31.16,0.4416534501443012,-0.1514092328790785,-1.5965551380316274,0.011017752198810647,-1.4065089048952097,0.04401903568840519
31.17,0.4456290945143453,-0.15140186217492813,-1.5960885941843468,0.01059302213173172,-1.4072478498127095,0.043434967303854766
31.18,0.44759263826168283,-0.15168407482122817,-1.596426257459664,0.011722098248359765,-1.4054065348065055,0.043190820108410084
31.19,0.45004451572709,-0.1528828157740674,-1.5943990271417323,0.011441006900942045,-1.4058072801746602,0.04104599632294708
31.2,0.45274556774962915,-0.15226636472669874,-1.5948952911209104,0.010195881363783858,-1.406502949309381,0.043576491760710705
31.21,0.45500252255543533,-0.15322818395406884,-1.594876197697377,0.011815294447819237,-1.405417354649759,0.04397975127318956
31.220000000000002,0.458960873787576,-0.152044498757779,-1.5960789843783703,0.012474813498503028,-1.4040516477266285,0.043445556954412795
31.23,0.4631276495619192,-0.15405590843124511,-1.5942167512944103,0.010245034485909311,-1.4057626713727622,0.043538508351205
31.240000000000002,0.46653827655036784,-0.1530155939731179,-1.5933794008821902,0.009552261893939958,-1.4040589905087868,0.0419946557680428
31.25,0.4697355697959576,-0.1552927910138107,-1.5924935815609083,0.009668994307274125,-1.4059025002372378,0.04177519296084419
31.26,0.47510575066796257,-0.15533335129582332,-1.5932713728712113,0.011883719694446885,-1.4041787438406177,0.04250006846397622
31.27,0.47746598248596434,-0.15819354313045272,-1.5920279380195674,0.012450380847663348,-1.404816574850743,0.042204917077940184
31.28,0.48425691039335195,-0.1593393366884923,-1.5903180501508511,0.010347840554564749,-1.405144272772927,0.04342007986448972
31.29,0.49089096556787976,-0.15729979817153042,-1.590887067596623,0.010782286160457552,-1.4036540787501965,0.04412176943312004
31.3,0.49301939971639974,-0.1602097727475934,-1.5895710383809503,0.009731815072437606,-1.4049385753331223,0.04261629318852669
31.310000000000002,0.5008164807607474,-0.16053480305217618,-1.587955958606682,0.012351732091437875,-1.403397311654857,0.042507112265134255
31.32,0.5067788916297886,-0.16199718563233628,-1.5864357204422856,0.011515977918605366,-1.4038614057643957,0.043426303733731825
31.330000000000002,0.5138508766392363,-0.1627797276311951,-1.5869525665694937,0.01118867178945495,-1.4020014879469707,0.042789502657960395
31.34,0.5198594957148254,-0.1640747318949559,-1.5865314299783455,0.013698522015046392,-1.4027873528892325,0.0439136690271112
31.35,0.5273016412899683,-0.16630897490503752,-1.5844899976954223,0.012790717141731155,-1.4021276216316678,0.04267015261971215
31.36,0.5364527191203574,-0.16796014505601967,-1.5837265253228452,0.010888163616785934,-1.3997485775991974,0.04270192507913733
31.37,0.5444744666155791,-0.16914153781096206,-1.581838573418827,0.012488818323716285,-1.3989750468087412,0.04128452239925105
31.38,0.5510001542353958,-0.17128902404073815,-1.580925539505096,0.012629300849306342,-1.4006534465108502,0.04337639051780048
31.39,0.5592650099099771,-0.1738363314943461,-1.5791327869080238,0.013288788858495404,-1.4003863540850578,0.044857484998801225
31.400000000000002,0.5692592982179243,-0.1736506806824847,-1.5774152194615159,0.012861624545893001,-1.3983893729390982,0.044614005986068496
31.41,0.5779437209477674,-0.1766468188941401,-1.5768006649830983,0.013513979564688488,-1.398106260237065,0.0431920829620008
31.42,0.5862258810897885,-0.17659361369609813,-1.57627603430672,0.012376451207831377,-1.399427185178469,0.04245332748140322
31.43,0.5976283238923702,-0.17875030264020741,-1.5739283689443067,0.013822160917747435,-1.3976897122330352,0.042254177364493724
31.44,0.6086320657801952,-0.1806252872142191,-1.5720272373334017,0.012839832094580835,-1.3972681198082066,0.04270836658777921
31.45,0.617275077413533,-0.18357636696187526,-1.5710563264229584,0.012521772519017014,-1.3945823442477046,0.04353875692015664
31.46,0.6284181526851639,-0.186302089101237,-1.5704932988320621,0.013929088912258695,-1.3960759170360064,0.043970119309342776
31.470000000000002,0.6399754903885074,-0.18741710039682813,-1.5665888859251464,0.01579309950483987,-1.394784482650698,0.044330240993083435
31.48,0.6511149199304015,-0.19195842263146318,-1.5658570565831007,0.013685707297554382,-1.3942335467855775,0.042701368347642606
31.490000000000002,0.6630442105360442,-0.19172390973694978,-1.5628927899783,0.01608629793021983,-1.3951890044492083,0.0423665882194163
31.5,0.6772331257444829,-0.1940424618605735,-1.5619183900077904,0.014937918939454212,-1.3930470807764987,0.041747253408595045
31.51,0.686495314547099,-0.19742779546142247,-1.5608606918409256,0.014642466760346627,-1.3900159097078268,0.043237599991741656
31.52,0.7002295595755558,-0.19958817565379636,-1.557794236948694,0.014986072578427063,-1.390392429748995,0.0438673192233103
31.53,0.7120049485263982,-0.20242567085316618,-1.5564828268741342,0.015467983827921554,-1.3902485764243295,0.04405775167552481
31.54,0.727041403631203,-0.20462996722347832,-1.5542335642405771,0.014043123080413831,-1.3892073411124817,0.04395420675940027
31.55,0.7395113909500483,-0.20733599325533672,-1.551670761744067,0.0172107350129843,-1.3886149649878061,0.04383344705562167
31.560000000000002,0.7552917606124395,-0.21056408512039648,-1.5497572503532622,0.01592095233307828,-1.3872466236448175,0.04217338289987372
31.57,0.7695840845839282,-0.21305678021429716,-1.547108161583236,0.01606222277350392,-1.3872736281300522,0.04365691369469327
31.580000000000002,0.7839630061361005,-0.2168212548036316,-1.5451830519990029,0.01541891003379543,-1.3870531561690593,0.042266699868265326
31.59,0.79932336148284,-0.21845117590725005,-1.5430823262919795,0.018607638889522108,-1.385846093314058,0.044189382809854454
31.6,0.8139734233669084,-0.22182648584539832,-1.5400371338569303,0.019436922476034502,-1.3850290176939777,0.04441249359552021
31.61,0.8298040143990534,-0.22446990504114409,-1.5386144752885726,0.01763330866188177,-1.3868454359756521,0.04505235602455645
31.62,0.8448188460327724,-0.22803312538179554,-1.5366316336003039,0.017549452502271266,-1.382554387308276,0.04370287933563536
31.63,0.8609843917627096,-0.23081041919461298,-1.5340345902590544,0.01935816502398322,-1.3829637467386497,0.04306779351788811
31.64,0.878707125074219,-0.23467130818015874,-1.5323183870887687,0.018353818770335224,-1.3808953916401134,0.043715405668742255
31.650000000000002,0.8946301179186376,-0.23823585768621036,-1.5283382794738332,0.020352107660711345,-1.3814712022479905,0.04247456583546845
31.66,0.912696867172901,-0.23924546810783615,-1.5283135345123238,0.020237422993312933,-1.3773553518408839,0.04310824828294164
31.67,0.9304721729581685,-0.24409859641866938,-1.5235837568530204,0.019234359083903,-1.3768759455387136,0.044620074557932696
31.68,0.9481284500903113,-0.24606365773078656,-1.5212304095983147,0.022915785936875287,-1.3755201063371798,0.04439506281204859
31.69,0.9635346539421825,-0.2520820987592203,-1.5198096858802603,0.0197345429750997,-1.3744312699564458,0.04438038709374381
31.7,0.9818966619203379,-0.25433885457957855,-1.5160628908558134,0.02159838248167129,-1.3753196662831833,0.04429287031435643
31.71,1.000960199580765,-0.25848056393129637,-1.511705488666316,0.02099781657711337,-1.3743243438281838,0.04476480906036471
31.720000000000002,1.0192450979330208,-0.2609477255015276,-1.51134342523636,0.022324794329193248,-1.3704534860992064,0.04295173835902104
31.73,1.0382320559013944,-0.2655973999719697,-1.5051467726366183,0.023062089814134566,-1.3709808274985793,0.04301589638697008
31.740000000000002,1.056007279034217,-0.2679110584172887,-1.5058342019378446,0.02118744023561859,-1.370083880656865,0.04423787934966904
31.75,1.0763567376220764,-0.2726370249765109,-1.5009615775432237,0.021969866924493448,-1.3683965761532424,0.04434272712399943
31.76,1.0959120273997485,-0.27495272375240765,-1.499250371099445,0.02252192790933973,-1.3692563543236678,0.04242874923443401
31.77,1.114795315663472,-0.279846986997985,-1.4968594555337427,0.02271939266358617,-1.3652811327404173,0.04499012090730014
31.78,1.1335998846179578,-0.28394491107435066,-1.4925873039688315,0.023317349158820912,-1.366132517242024,0.0439661200210803
31.79,1.1555880960267568,-0.2863690141412396,-1.490585751762843,0.024653969587585978,-1.3642375949202414,0.04341726205307884
31.8,1.1744884975810026,-0.292378228454842,-1.4859048828364556,0.02599830743447487,-1.3633849486046763,0.04376681944447602
31.810000000000002,1.1959477788413442,-0.29412110768320876,-1.4848429273867108,0.024909059545052813,-1.3618626591612688,0.043697055693627196
31.82,1.2158045648052729,-0.29973156813229956,-1.4812683273753873,0.02534767224687098,-1.3618856261385446,0.042611816172795185
31.830000000000002,1.2368620044790901,-0.30373457257931263,-1.4758373251909722,0.02755769282741711,-1.3597939587013546,0.046484618618838916
31.84,1.257616485039952,-0.30764731130417605,-1.476835150982128,0.026841114079382007,-1.3580817876751317,0.04485710342153257
31.85,1.2774728943573692,-0.31210435305866085,-1.471815898007757,0.02726354858355806,-1.3571672846931353,0.044203650659538164
31.86,1.2973494958091343,-0.31507330664199795,-1.4692554407681526,0.027857263991428127,-1.3562398901839636,0.04429786014682169
31.87,1.3216869751368765,-0.3194903564100088,-1.4654933301725726,0.027977899519459625,-1.3558912228507454,0.04568539993465988
31.88,1.3419010780097236,-0.32285666012796493,-1.464862843479501,0.027653798302370303,-1.3541713809796214,0.04561298463068492
31.89,1.3632910649622205,-0.3270872139189129,-1.4597570074471318,0.029599543114223116,-1.3520105558921416,0.04624583965911663
31.900000000000002,1.384038210905453,-0.33111338206972063,-1.4558857879160985,0.029940527550579677,-1.3499661164594188,0.045968027664202694
31.91,1.4054824148059593,-0.3357432638051819,-1.4517287004412898,0.030390472135173718,-1.3483199914878765,0.04486815700186544
31.92,1.4253058668842096,-0.3391566560442794,-1.45025574274559,0.029582580329900503,-1.3480137791340447,0.043549105016494984
31.93,1.4489204566187968,-0.3421589156798478,-1.4460147452450864,0.030642158313186695,-1.3445583455202972,0.04557804609359534
31.94,1.469762503234019,-0.34801890390326623,-1.4420549138900196,0.0316479988677984,-1.3442522731401252,0.0424471369356595
31.95,1.4913603086059293,-0.3524837709530741,-1.4400851272629127,0.027591800504915245,-1.344639471982714,0.0449003020294734
31.96,1.5134750617568142,-0.35749800446515195,-1.4358810120375198,0.031544970040540486,-1.3431070768151219,0.04613974022916291
31.970000000000002,1.5358448016784632,-0.3616006375984293,-1.4336113514808495,0.03148522889148131,-1.3404163061326337,0.04426314185656128
31.98,1.5582016895444821,-0.36497473525924706,-1.427599443807042,0.032437661120280216,-1.34068549192415,0.04566387463689514
31.990000000000002,1.5802584319088693,-0.3696242389581177,-1.4270608706950714,0.03299124488632001,-1.3387079224921499,0.04373718800630914
32.0,1.6017221114723927,-0.37405588116911453,-1.4240726122890226,0.03264272052288956,-1.3363304422026285,0.04615423253715592
32.01,1.624239736112836,-0.37748726848910585,-1.4189349760372738,0.03346261770015519,-1.3371009888258398,0.04434917289917696
32.02,1.644788448087252,-0.3807198317757407,-1.4152215423749113,0.0328605265773768,-1.3347772328781735,0.04482738799086591
32.03,1.6670702128965715,-0.3866276871582549,-1.4116432951066942,0.034212420828879694,-1.333323418652125,0.04541375634771838
32.04,1.688169642206574,-0.39027726167555293,-1.4086557569392255,0.03593959620165387,-1.333203508829599,0.043932102499775326
32.05,1.7109467346187972,-0.3936093901296842,-1.4059870707365105,0.03567293079931502,-1.3320807908066084,0.0447973938770582
32.06,1.7307582952981024,-0.3988986059485252,-1.4049141640002187,0.03666620585951746,-1.3282314303786347,0.04545841821275902
32.07,1.753084644605506,-0.4026332162925056,-1.398135655325057,0.036341355317879756,-1.3272518336767374,0.04495133934327307
32.08,1.7753131300308786,-0.40719798749448255,-1.3981811316463768,0.038323757952783415,-1.326865378266978,0.04617006067652714
32.09,1.7972697769503498,-0.4126443820586401,-1.3920076923517262,0.035787419387134686,-1.3253883211990143,0.045839130466263873
32.1,1.81925791768677,-0.4161290234090318,-1.3901464821976612,0.03635819706371349,-1.3236967840640577,0.045989901660725065
32.11,1.8406087907190538,-0.42007016380017637,-1.384953923348883,0.03646820940263347,-1.324466239337137,0.04545808008935196
32.12,1.8617411095328227,-0.4227278480038596,-1.3830203870670943,0.03804558822012091,-1.3214027772653238,0.045988752587884915
32.13,1.8850371563106771,-0.42755607880097796,-1.380985495805836,0.038606376959882345,-1.3228519408629884,0.04557764675980043
32.14,1.9052783959652908,-0.43132160114480483,-1.3769543636055326,0.03941086937597867,-1.3183379607434653,0.04688784013197854
32.15,1.9257178873421237,-0.4361697096886469,-1.3760756818592692,0.04010672612713688,-1.3175923671454501,0.04581504596035914
32.160000000000004,1.9456012648853673,-0.43907357721229595,-1.371142410358137,0.039629375607738174,-1.3168397607831461,0.046111900256747086
32.17,1.9659369688079997,-0.4434205620821903,-1.3684287482107385,0.03946458374261457,-1.3147755096006233,0.04488826404888025
32.18,1.9883032166979069,-0.44779079024685314,-1.3661415318784929,0.04165461934645923,-1.3140430783881933,0.04613752950483259
32.19,2.00885151315342,-0.4505092852457142,-1.3614541509613274,0.04140043191987809,-1.312764853453622,0.04553110659876092
32.2,2.0268704471509498,-0.4555374691216745,-1.3573768097337464,0.04176553404230045,-1.3128048464597337,0.04682452019424747
32.21,2.0480936217543038,-0.4614256557085425,-1.3546677580071695,0.040822936832416466,-1.3091140217299562,0.046904507743315595
32.22,2.0681003633226047,-0.4630402433342462,-1.3504431238555554,0.042908639959968506,-1.309265333817399,0.048459967338322224
32.230000000000004,2.0881537267026493,-0.4667391152053201,-1.3504053309218986,0.04095896153012728,-1.3085405578484455,0.04600771086359198
32.24,2.1078994744926676,-0.4722547723292156,-1.3460704342209826,0.04207652504082704,-1.3065858262400074,0.04682521632612561
32.25,2.1266297555516007,-0.47558762389118125,-1.342388354961009,0.043939817367628135,-1.3058239491157908,0.04732557338316428
32.26,2.146204884271289,-0.4789791889128323,-1.341728946763667,0.04345687130676371,-1.3041349594481282,0.04729134236403817
32.27,2.165097566127698,-0.48102926080809116,-1.3381930886506068,0.04323762065615403,-1.3048129607520338,0.045670809394024375
32.28,2.1826953459699987,-0.4839422238416909,-1.3348070444668327,0.044200732898614294,-1.3010479824906562,0.045009788649988176
32.29,2.202181994959073,-0.48751516857140376,-1.3325344137010517,0.04677949671730668,-1.3007564245345782,0.0473191044726203
32.3,2.2217329844918496,-0.4927783150896257,-1.3300880803621928,0.044899052753926444,-1.3012084905213892,0.046154725150176566
32.31,2.2385913196850167,-0.494778971054784,-1.326433608087975,0.04741245294938735,-1.3011513644787616,0.04518260718533242
32.32,2.256066545457094,-0.49837672805499833,-1.3243731994681032,0.04441586556823781,-1.2984150161258348,0.04523152477582145
32.33,2.2726901793654437,-0.5013124265639586,-1.3219485071081492,0.04618909582291094,-1.297231611992949,0.04608865095200989
32.34,2.2904446754885943,-0.5066557059863525,-1.3187502311859598,0.04761217245012878,-1.29528853475515,0.04527531848150684
32.35,2.3090493160542995,-0.5092468367998614,-1.3170321839984307,0.04686414710644826,-1.2945965465060265,0.04641077566577017
32.36,2.32534490786367,-0.5136400396827577,-1.3122309060782325,0.04534743666994418,-1.2935884585922324,0.046719851211637325
32.37,2.3419513865912895,-0.5166774599648527,-1.3104739315334504,0.047257295954623815,-1.2941411257216118,0.04547396941359109
32.38,2.3576837111157016,-0.5205709008519288,-1.307489370340253,0.048581906499685294,-1.2905417412020495,0.047960676154785956
32.39,2.3731673713186776,-0.5229997779309469,-1.309006618947152,0.04762151980660487,-1.289642226955673,0.04576458179626494
32.4,2.3889010013735263,-0.5257327218390047,-1.3039953749945266,0.04940218060995053,-1.2915907226578645,0.045338907577062375
32.410000000000004,2.405696717010409,-0.5275599225876217,-1.3022460571533439,0.05006767212396095,-1.2905208302271147,0.047355218123842496
32.42,2.4193560797148113,-0.5305636061044353,-1.301844928804226,0.04864273685724163,-1.2877866695393043,0.046514294893170154
32.43,2.4352241070181075,-0.5328615397915373,-1.2983858836103508,0.04987569300433491,-1.2884141079703058,0.04664313340463964
32.44,2.4491070340112056,-0.5374323433784898,-1.2946964863657877,0.04899601807038878,-1.287191213884657,0.04723854846890121
32.45,2.461899718702512,-0.5401930624588188,-1.2923552252173938,0.04980610485552461,-1.2871086716396645,0.0473938914283026
32.46,2.4760546347258146,-0.5432986334435574,-1.2933797478777724,0.05076797236354028,-1.2857642395849715,0.04558650325221627
32.47,2.490429772888649,-0.5439649582620902,-1.289854277819631,0.0510380601164817,-1.2824137459097695,0.04787133594400736
32.480000000000004,2.504052539311966,-0.5469260421368802,-1.2875785797802755,0.050448649853750485,-1.2830347542198381,0.045622375609393466
32.49,2.515159288789022,-0.5509157570223487,-1.2850587747037776,0.05081938397942807,-1.2832207716562192,0.04745881193305244
32.5,2.5274102892123507,-0.5526785568755367,-1.282704604334463,0.05180058373788404,-1.2825969411715832,0.046967729747883664
32.51,2.53980470822183,-0.5545921929749583,-1.281431375211857,0.051715786114070496,-1.2808964799635376,0.047025465975260305
32.52,2.551374887374573,-0.5563608357620158,-1.279296892562998,0.05205828035883508,-1.2810923893417552,0.047607344247184324
32.53,2.562665707190188,-0.5592912452016569,-1.2782891195233521,0.050579236110080764,-1.2800290007429538,0.047022284329355964
32.54,2.5733870122037033,-0.5614109632184886,-1.2778955806593468,0.05367979634077463,-1.278920713809227,0.046958873010553875
32.55,2.5860126014132376,-0.5626256302768639,-1.273887760592318,0.05074455471540639,-1.2773137376518737,0.047955711933792625
32.56,2.596245699401732,-0.5652786361767705,-1.2758711429789444,0.05122767596409361,-1.2773753910563008,0.04793511451956299
32.57,2.607096220058362,-0.5671980337809248,-1.2699556069943747,0.05338813624958674,-1.27756313312469,0.048809877400460104
32.58,2.615322898771534,-0.5703083278013429,-1.2705272249510602,0.05204004342048123,-1.2769494152259309,0.04761973461456669
32.59,2.6257317602550283,-0.5708580875006677,-1.2686826379948126,0.0508687573185739,-1.2773849836639948,0.04660405790220779
32.6,2.6341706138528296,-0.5728151047407811,-1.2661335468327575,0.05299967055720168,-1.2766684014332248,0.04626462587076824
32.61,2.6452071739586906,-0.5729726109834987,-1.2655144072817013,0.05187256282727538,-1.274718949590364,0.04730740071923029
32.62,2.6522091820629603,-0.5764398382508972,-1.265076874838374,0.052842741752074734,-1.2754781696045507,0.04817983372407557
32.63,2.661094790717644,-0.5777590439510829,-1.2632294021695343,0.05389947654501033,-1.2719466195896436,0.0477638658243494
32.64,2.66885819406304,-0.5789810690171147,-1.2627422367123906,0.05491795831910136,-1.2729541836425557,0.04629251724955616
32.65,2.675999486380644,-0.5797234596104577,-1.2630682843247363,0.05305185267657747,-1.2727589035957123,0.04535044795776701
32.660000000000004,2.6812068406127434,-0.5820668469978482,-1.2597360448292758,0.05446515854635028,-1.2712663682505925,0.047114482975318166
32.67,2.6892410394768187,-0.5842854084929111,-1.2594754166942155,0.05474600096835438,-1.2715817637568636,0.047285868123714714
32.68,2.696538204135825,-0.5832820062005509,-1.258097512003576,0.05544818785736415,-1.2724835192508093,0.047002654766507126
32.69,2.7018152388759638,-0.5848936955149893,-1.2581201190181621,0.05409435870877651,-1.2731022408519355,0.04759639732814923
32.7,2.7091801107696654,-0.5859192688862865,-1.255644922690116,0.05522167472011976,-1.270517725634395,0.04762439145112857
32.71,2.714228865212918,-0.5883544609698641,-1.255695087982582,0.054658375411406925,-1.2710889924604003,0.04573132867366515
32.72,2.71779436315491,-0.5885903753818348,-1.253942664886978,0.05470713895846297,-1.2680694790094162,0.04630495462640231
32.730000000000004,2.7241921761891925,-0.5886145172595774,-1.2530615434935077,0.05536663444321194,-1.269252690837833,0.047164800450629825
32.74,2.7298879344058413,-0.5895141873780385,-1.2540385908491387,0.05516577849012839,-1.271259269509093,0.04845279517681535
32.75,2.732971948377875,-0.5902930420098521,-1.2527377969279516,0.05334972382017365,-1.2673473823188897,0.04724697690440991
32.76,2.7359552945458177,-0.5912509015814393,-1.2502564724358798,0.05487182945259988,-1.2694926831191602,0.04734759515174461
32.77,2.739629131830636,-0.593579973757443,-1.2499111079347907,0.05500650866475668,-1.2699110060270602,0.046752154154938844
32.78,2.7450305958313055,-0.5953750948540265,-1.2507182599734656,0.057338614332965686,-1.26719815182404,0.04765312977182366
32.79,2.7484712158661115,-0.5931323417184902,-1.2505649195743964,0.056059789516434304,-1.267216289278222,0.046055875211175996
32.8,2.750793366822323,-0.5945291291632856,-1.2499188120033047,0.05532328996821547,-1.2683970858100673,0.04743943669401141
32.81,2.753981635292012,-0.5949519152760778,-1.2497557703566262,0.05463040226003473,-1.2688488021622477,0.04739683706607081
32.82,2.7548604623181565,-0.5950184542823773,-1.248853665800607,0.05640938771564151,-1.2688458881804852,0.046448123273771395
32.83,2.7587037413371602,-0.5961612515091425,-1.2490695088592798,0.05606468503619682,-1.2675771959459607,0.046081522983979085
32.84,2.7609300811724,-0.5970199701574628,-1.2471070835573785,0.054330359931495494,-1.2677570062610082,0.04701900884874589
32.85,2.7597906960385834,-0.5964328313216303,-1.2500000219714336,0.055274466407624075,-1.2669628867380067,0.046721671160702534
32.86,2.7623116889887416,-0.5966143548562716,-1.2483003424475458,0.05520638172692688,-1.266718857948182,0.046168421415511876
32.87,2.7640889235491124,-0.596824434596254,-1.2489487133858592,0.05713619458238825,-1.2679374470063158,0.04795273021027576
32.88,2.7664556504517743,-0.5979454886579683,-1.248110565283833,0.055572859261811075,-1.26705409987827,0.04633090681695058
32.89,2.765674575443356,-0.5967158973337217,-1.2481789049066363,0.055939403758410035,-1.2677907408577422,0.04705581232203265
32.9,2.7688410175112455,-0.598252704637381,-1.2477184704772275,0.05541193401764459,-1.2680016036654895,0.04661037143133619
32.910000000000004,2.7678752085874994,-0.5968653535225764,-1.2466781818683352,0.055360045608178254,-1.2666625476286617,0.04581133855419352
32.92,2.7700927694528534,-0.5972985260087561,-1.2452601087756474,0.05655534440306048,-1.267102811117745,0.0483242032405908
32.93,2.7688035135108175,-0.5988619532722299,-1.2471989685287894,0.05687607620228829,-1.2682038532240802,0.046358735254327925
32.94,2.76990332743147,-0.5979576352088073,-1.2477042390715491,0.056273311223117455,-1.266241991511535,0.04824651687240772
32.95,2.7702566160079596,-0.5987112991225243,-1.2455382655495175,0.055706597081638505,-1.266600463723116,0.04890829108791189
32.96,2.7708474662643963,-0.5995351665601696,-1.2481085345008527,0.05543673765985485,-1.266791719662702,0.04758782289149825
32.97,2.7721489129095103,-0.5983054807377174,-1.2472973441731616,0.05470947115671583,-1.2663744966819976,0.04719457199991864
32.980000000000004,2.768962618339895,-0.5986761372490422,-1.247872407912238,0.05532811299892019,-1.2673959765502536,0.046410041764468904
32.99,2.7698715675081376,-0.5993488082707881,-1.2476263889945174,0.054820279703129235,-1.2678214653724036,0.04641922310822533
33.0,2.7708118912081843,-0.5985247688963858,-1.2459574142850105,0.057346459308583814,-1.2668089224200476,0.0475923386927048
33.01,2.770946066148839,-0.5982928244445164,-1.246956192806998,0.05567440840617178,-1.268291575237081,0.04793209541909914
33.02,2.7702726901264594,-0.5974350560664249,-1.2462013932689613,0.05515375416165422,-1.2663120568238242,0.044965331078252554
33.03,2.771984439727814,-0.5998680138477251,-1.2465679331153374,0.05607299096877627,-1.2664193720450343,0.04691315792358723
33.04,2.7684276819251825,-0.5989856125827783,-1.2471912551887436,0.05391174261522228,-1.2673604058018355,0.04626114246301606
33.05,2.7708664336087314,-0.5989147450806306,-1.245288621865183,0.05547644194823984,-1.267024412766526,0.04701406003350486
33.06,2.7688834312734243,-0.598878645798065,-1.2463425227411389,0.05622533520861472,-1.2676559243807486,0.045928740468062446
33.07,2.770862396212435,-0.5983339288957857,-1.246263985182661,0.05546079198366432,-1.2688698942986063,0.0476657936305368
33.08,2.7702920214323368,-0.5974855268003795,-1.2469749256989864,0.05566032265415019,-1.2670358767823635,0.04667907937209857
33.09,2.7697370128772083,-0.5987854297359857,-1.2478032060267719,0.055500076491311494,-1.2657074134134036,0.048109869571185696
33.1,2.7705688138149247,-0.5973459061434004,-1.2477198576448536,0.057873318777617255,-1.267801864257257,0.04894865052237543
33.11,2.7720448083129083,-0.6002299816336357,-1.245719720583602,0.05545224253612969,-1.2678956459813837,0.04765783312891763
33.12,2.7694204279500862,-0.5982619248990219,-1.2478209980650345,0.05585453082300886,-1.2662346763143477,0.047537300529565354
33.13,2.7699860226090487,-0.5982275296754499,-1.2482273855543617,0.05496795586749588,-1.2677754814614302,0.04788665637574445
33.14,2.770654126217734,-0.5982329791661364,-1.2470238957818038,0.055012253317172674,-1.2661013729901087,0.04659106033603371
33.15,2.7706656804683236,-0.598797829765217,-1.2465086957784508,0.05517161292649951,-1.2664813658790988,0.04840277438194312
33.160000000000004,2.7711650925870295,-0.5985624459538615,-1.2473797184101532,0.05816275712438399,-1.2682653556624843,0.0479690178571695
33.17,2.7705904095998912,-0.5987545742135897,-1.2468384148524485,0.05525475315311418,-1.267027323734074,0.047476481521547084
33.18,2.772636693248334,-0.5977655313321645,-1.246549807353604,0.05620226992127597,-1.265794700559859,0.046353143064823216
33.19,2.770140535598508,-0.6003642925917809,-1.2465123778340128,0.05644017122879935,-1.2682688249472263,0.048452343567184586
33.2,2.7696726588600993,-0.5989988598042709,-1.2468956590549636,0.05709119877267384,-1.2681489188779473,0.047454161063729995
33.21,2.7709761734994944,-0.5982039161972221,-1.2464716879339006,0.05636453430658018,-1.2678840868989998,0.04867286571643986
33.22,2.7702030038520142,-0.5989127977008557,-1.245823974895912,0.055149726600950605,-1.2671205045524987,0.046569207793193394
33.230000000000004,2.7724984479806842,-0.596685318869604,-1.247096203404835,0.05615366096588478,-1.267395462314073,0.04689578955782528
33.24,2.770404398177425,-0.5987354314362834,-1.2483270326543727,0.055929531148542565,-1.2674369074937737,0.047472446294724246
33.25,2.7702323529774593,-0.5990144554158621,-1.2462364969394684,0.05616524753501842,-1.2661817189051274,0.04763173316488291
33.26,2.770127555752366,-0.5981617679247705,-1.2487284110418524,0.05753580702331701,-1.2671605581544494,0.04910629738585455
33.27,2.7695413533186315,-0.5996753295898164,-1.2466807502264798,0.05601637124570744,-1.2671048257504205,0.047362163954160055
33.28,2.769751864372678,-0.5999962174585123,-1.2467529045253796,0.054580727331752656,-1.268601664685812,0.04686783609394709
33.29,2.770675820862364,-0.5969653528286474,-1.2461454350463719,0.056950718289644556,-1.2668295725679117,0.0475201402634377
33.3,2.7724867145679415,-0.5998544092995457,-1.247360611479507,0.055407500471735545,-1.2666202243961493,0.04634585614681915
33.31,2.7709662180129713,-0.5981941600963496,-1.2462902204648765,0.056393963022759404,-1.266057562869634,0.04715705664243023
33.32,2.7707626500538063,-0.5993427605068142,-1.2478419424767992,0.05724010365126513,-1.2681087073378343,0.047759650363781554
33.33,2.770763422266021,-0.5976746357372894,-1.248447053048838,0.05647772481683637,-1.2674506424791743,0.04667648053350472
33.34,2.7700811204299063,-0.5977952468088821,-1.2463618722674346,0.05558836572336336,-1.2683940587891027,0.046267518928974814
33.35,2.7709571427828754,-0.5998150406160044,-1.2471031092422937,0.058039676805311406,-1.2669989575128608,0.04784773462400099
33.36,2.769374072051307,-0.5997710227407694,-1.246305514259688,0.05545360140721151,-1.2663758220487291,0.04732490731327936
33.37,2.7734035120001623,-0.5991121767949815,-1.2466604186796164,0.05500697717237083,-1.2664120738209053,0.047671686046047136
33.38,2.7695484700786577,-0.5988896168408563,-1.2457155818578536,0.056879588720896816,-1.2685470265789522,0.046880631237726116
33.39,2.771976734981726,-0.5987586236903186,-1.246752667197342,0.05668343361957644,-1.268475263934595,0.04646722569745502
33.4,2.770104785723209,-0.5975615011167119,-1.246022820391163,0.056415381110226384,-1.267434173501961,0.048273002015269684
33.410000000000004,2.77025405836932,-0.598108361298045,-1.2461168293860427,0.05726802131219838,-1.267361886009939,0.04697082934975476
33.42,2.7715174329197056,-0.5974155663199011,-1.2473869172355785,0.054822942614268136,-1.266248925280906,0.0458545890581318
33.43,2.768910018537074,-0.5988468651934217,-1.246910604483786,0.054775017239240824,-1.267206386840128,0.04743253902023938
33.44,2.7698807824781015,-0.5969254677426079,-1.246624962594401,0.056684792462998186,-1.2686707855631294,0.045921684367592835
33.45,2.7707014803660575,-0.5970813313081841,-1.2478813352288383,0.05582511972759577,-1.2684778248024484,0.046572883478223234
33.46,2.7704685214168037,-0.5991298843802713,-1.24813928452869,0.0545411732051648,-1.2690458525527466,0.047615897826388566
33.47,2.770821487822061,-0.5981828995769121,-1.2477934055576099,0.05657785810676028,-1.266783219258454,0.047206365570646724
33.480000000000004,2.7701631411034184,-0.5992664601080152,-1.2468323071650638,0.05711131495117257,-1.2664070327820947,0.046976414226487156
33.49,2.7707700358964935,-0.5996611790422279,-1.2463628961996769,0.05497494036233886,-1.2667976383887753,0.04979100427265892
33.5,2.7698025703139297,-0.5961493729432805,-1.246571839765553,0.05504582822711157,-1.2680941664582406,0.049263813101022916
33.51,2.7707302137861576,-0.5991940615704832,-1.247177552878041,0.05607592278294302,-1.2674076102247733,0.04750185394911609
33.52,2.7718477674897937,-0.5996843400981263,-1.2464374539161156,0.05563638483907398,-1.267835499220274,0.04813564846913823
33.53,2.769024665545085,-0.6007651026814357,-1.2468040579806488,0.05557941542898343,-1.2685805819398714,0.04570726134566817
33.54,2.771984795454461,-0.5982959433208741,-1.2469828558724232,0.05761571257744927,-1.2665080822167434,0.04874398525124894
33.55,2.7692702959466264,-0.5997623754493528,-1.2464615002707355,0.05606171880513568,-1.266309464147028,0.04577686823604494
33.56,2.770914004575862,-0.5978367002580056,-1.2461830357534471,0.05534509219992839,-1.2669474228852426,0.04652311149393801
33.57,2.770044356317048,-0.5996101336504723,-1.2476620607449505,0.05548972069982563,-1.2678284231332657,0.046537829549135996
33.58,2.769165887624514,-0.5969886210772198,-1.247436823573637,0.05598794928381757,-1.2689349926043356,0.04838477237280577
33.59,2.770445875186539,-0.5990873536119914,-1.2473797322196871,0.05645870322836566,-1.2699770619178596,0.04648075562832609
33.6,2.7701960797473975,-0.5988139796703538,-1.2448137028722104,0.05540539412037229,-1.2665358639323203,0.04878096914112347
33.61,2.770885221190363,-0.5992880154498356,-1.2481209268788234,0.056350501912225494,-1.265964444678442,0.04767644268056817
33.62,2.7713763865719416,-0.5964380994989812,-1.2462692530832926,0.054739516631811765,-1.267355441076168,0.048395738329389766
33.63,2.770082898676777,-0.5973860239902408,-1.2470584134630485,0.055991773167053685,-1.2677060792987935,0.047339221720759245
33.64,2.7704853953550987,-0.6001037176386173,-1.2473853628455132,0.054623822926109365,-1.267755269280607,0.04650608870633862
33.65,2.771182980548336,-0.5978069150766577,-1.2465110511113602,0.05459376735774631,-1.2674856387486544,0.04602435292509414
33.660000000000004,2.770171462272437,-0.5981350184492372,-1.2461342256520933,0.0561126349129704,-1.2663017763832618,0.04742668021025715
33.67,2.7700961802125788,-0.5979375873780547,-1.246208950373064,0.05524257390092404,-1.2670692755890656,0.046943163129258565
33.68,2.768547170368158,-0.598315934632661,-1.2481296837156173,0.05598642965688146,-1.2687398074999667,0.04657197199938922
33.69,2.769921613663851,-0.5976512973027648,-1.2474655797202865,0.05476191087481124,-1.2670820489352883,0.047010654824336306
33.7,2.770989894235987,-0.5995830318373917,-1.2468159952758024,0.057855103585040944,-1.2676088102832948,0.047362953023143695
33.71,2.7688504689244535,-0.599444364851339,-1.2465988180054888,0.05541210990992199,-1.266863806090237,0.04757082895931241
33.72,2.7691498023352867,-0.5978139781226006,-1.2480844471913841,0.05503247971115152,-1.2671997366320134,0.04856748554721101
33.730000000000004,2.7694239526186233,-0.5985711210016911,-1.2468638464559203,0.05627365479914829,-1.2663667384231951,0.04684737781086504
33.74,2.7711830050396924,-0.5975390752947844,-1.2454432019303758,0.05613801070863083,-1.267262610377509,0.04678584691782882
33.75,2.7690267938890543,-0.598942560215622,-1.2469019668314307,0.05560444994084782,-1.2668783926513485,0.04593099442335496
33.76,2.7701411974914767,-0.5969592352123643,-1.2461311761808957,0.056237727328652565,-1.2670590653113174,0.04688110054483574
33.77,2.7687692849397783,-0.5983010800496155,-1.249136656780916,0.05541589891491184,-1.2674031932452385,0.04680975272593603
33.78,2.7721948891860695,-0.59710796058575,-1.2460987017347056,0.054892500063760286,-1.2657232488123085,0.04774015247203537
33.79,2.769477967672525,-0.5986714491088398,-1.246163485633947,0.055177379620513264,-1.267277362210736,0.04747617773932886
33.8,2.7693393234799357,-0.5989357004739732,-1.2478948849145242,0.056458055849042406,-1.268192427848346,0.04745464677033041
33.81,2.769086860192664,-0.599689110273718,-1.248031385923374,0.055447298006641166,-1.2672425873410718,0.04751830904325889
33.82,2.7687534330916073,-0.5988471656249926,-1.2476549977294042,0.056166158674609085,-1.2676335567587647,0.047129461640712966
33.83,2.7696499094131943,-0.5971949609515333,-1.2481201343573136,0.05535116628677892,-1.2673061026360168,0.04698064661625047
33.84,2.7696333400913655,-0.6002809921357277,-1.2476034554000037,0.05486277878610401,-1.265934600098835,0.04917632002552732
33.85,2.7702556758993184,-0.5999258813408572,-1.2463559350165192,0.054843849250629455,-1.2678792421520937,0.0466512252328815
33.86,2.7698632264152288,-0.5990095518156008,-1.248146246687358,0.055087377510502786,-1.2665099307344003,0.04717071604517878
33.87,2.7704093569566153,-0.6006480039798059,-1.246172902728108,0.05510177104143718,-1.2664191524018702,0.04733463016430597
33.88,2.769809515854552,-0.6001641476299037,-1.2451020888659596,0.05640096548111714,-1.2666468255017878,0.048787226599332094
33.89,2.770495552808718,-0.5975198083149624,-1.2474176356983133,0.05634365869449843,-1.267949863107527,0.046760300252683296
33.9,2.7703846489709005,-0.5998060141957492,-1.2467125231341871,0.055427765105453324,-1.2691344738562584,0.04680061466163103
33.910000000000004,2.769998882966524,-0.5979557597853752,-1.246751117835452,0.056963157931809484,-1.2669461187542566,0.04671657776982701
33.92,2.7702490718505164,-0.5990037292099605,-1.2465741633500234,0.05575220467194234,-1.2679485217578859,0.047207505326863165
33.93,2.770702456053024,-0.5995782684753176,-1.2467233576675816,0.054322339106328624,-1.2664352069973241,0.0476600520450652
33.94,2.7717218176709246,-0.5996744142145064,-1.2460108767709865,0.05651662215918928,-1.2675590274613215,0.04687131666917202
33.95,2.769353031422461,-0.5998744405165264,-1.2476555756164394,0.054604129018686075,-1.2660074694356622,0.04588921242015219
33.96,2.7704299358167144,-0.5983197755484018,-1.2466880230664579,0.05608858761865462,-1.2665741099209293,0.046810859502893355
33.97,2.770376402351477,-0.5989561807479195,-1.24586333199206,0.05753247871075339,-1.2684419037582766,0.04542753014282617
33.980000000000004,2.770796660987821,-0.597765923447301,-1.2452922151248491,0.0563439308073714,-1.2661819513317134,0.048648676278588085
33.99,2.7715782597462493,-0.597931042392955,-1.2481189389286962,0.055692702904202175,-1.267138166910714,0.04711289966377817
34.0,2.770266746278546,-0.5973323355079495,-1.2476604602381889,0.05639730473139318,-1.2671238525877748,0.04645166181826488
34.01,2.769357587827349,-0.6001841186963569,-1.2465766901890452,0.0556447520392765,-1.2681208005662772,0.04556278421254889
34.02,2.7706545847347672,-0.5988471689534552,-1.2476262775325893,0.05485826825740825,-1.267609576174821,0.047610107934927634
34.03,2.769934905986625,-0.599722323853263,-1.2470623213983567,0.05661091100872541,-1.2673694825224402,0.0472595722251844
34.04,2.7698343575797146,-0.5994414184488296,-1.247832663077476,0.05424622706877607,-1.266380060447191,0.047603241399941626
34.05,2.7700202932529767,-0.598374293047254,-1.246756587606819,0.055052141996883956,-1.2677049228644908,0.04678554297518854
34.06,2.7718885399183266,-0.5976935044587312,-1.2469441805924013,0.056880307347674054,-1.266354313133333,0.045994181689098794
34.07,2.7691551590890087,-0.5985311330110207,-1.2466092455394366,0.05548603116779392,-1.2675429430801481,0.04679568966400132
34.08,2.769807632229913,-0.5996883147818799,-1.247584615753498,0.054063688422690374,-1.268382900157007,0.04747426025458616
34.09,2.768604408155056,-0.5985900894644951,-1.2463182109223225,0.05684291175521353,-1.2675796160225554,0.0474149703342289
34.1,2.76719784747358,-0.5976313177610172,-1.248449095279719,0.05721446682477965,-1.2665674284995592,0.04614887525673984
34.11,2.7660360681368426,-0.5976434996516781,-1.2478328026543237,0.056105660041431527,-1.267927916876162,0.048524225339224666
34.12,2.765701556352119,-0.5957002595356528,-1.2471666149456473,0.05443277548304375,-1.265855222449899,0.04815050314372304
34.13,2.7648217479278747,-0.5970162581099042,-1.2489112755577536,0.05401229671373706,-1.2677846453697441,0.04839276520240084
34.14,2.763445666923795,-0.5958212641307684,-1.246929614230676,0.05557784748329921,-1.2667984759903985,0.04851577940930193
34.15,2.7614444414989436,-0.5971937805102152,-1.2481985040135473,0.05342420711734409,-1.2676818258842595,0.047812915551656614
34.160000000000004,2.7598478600714618,-0.5963610373615444,-1.2486285694662524,0.05375137027289486,-1.2665831014028714,0.04686000268109121
34.17,2.757173238245396,-0.5950895941966667,-1.2480387020464552,0.05569328364913707,-1.2674830175567573,0.04616946611163983
34.18,2.7554060316159115,-0.5947139754676135,-1.2498198774214384,0.05454026162707711,-1.2682198183548359,0.04726242816994004
34.19,2.7535705725601436,-0.596570417647656,-1.2518252946705268,0.05616729852001823,-1.2693815983477315,0.04663660963617669
34.2,2.7483849116246764,-0.5939519162869122,-1.2497031122247175,0.055581215805770565,-1.268334441482449,0.0453662173643586
34.21,2.746462683459351,-0.5946669690594453,-1.2511084943131827,0.05501581615297096,-1.268562272637918,0.0480369989332653
34.22,2.7428026588557834,-0.5936585098672762,-1.2503195449324513,0.054383508438786275,-1.2691388666724603,0.04756005950884995
34.230000000000004,2.7406084181764743,-0.5923889041692922,-1.2513834918796944,0.05484972913990197,-1.2702034819997123,0.04736233038320473
34.24,2.7369153839365596,-0.5931171771905428,-1.2515251535401022,0.05615496207885321,-1.2699821176481982,0.046504881790310156
34.25,2.732109424116618,-0.5929349769149903,-1.2508931242403583,0.05457789641003099,-1.2703980622714035,0.04614928384144236
34.26,2.728098230845961,-0.5912406395616292,-1.252039926369019,0.053795428206876175,-1.271251622874111,0.047606306221440534
34.27,2.7237103356041823,-0.5899358601750543,-1.253503147464309,0.05491428417510719,-1.270227519673566,0.04588980213312918
34.28,2.7174164241806436,-0.5894023064736366,-1.2556793904071943,0.05493391298228449,-1.2720519161202701,0.04671737796825781
34.29,2.713485365147815,-0.5878168761288763,-1.255172224246962,0.05431211652674606,-1.2713785311210843,0.04818420549144441
34.300000000000004,2.7078127997935413,-0.5854755866285566,-1.2566378011120385,0.054474961727887516,-1.2712494035896158,0.047290006425625704
34.31,2.7018684583586943,-0.5855015676513956,-1.255898927078007,0.055290447911922044,-1.2705580614558103,0.04590665100315574
34.32,2.695030907357884,-0.5842058374541917,-1.2574906033549402,0.05380194584248685,-1.2724581578927912,0.048282970751106366
34.33,2.6901647807446842,-0.5822212544775665,-1.259525003629317,0.053674761598068596,-1.2714105745324187,0.046825672912596254
34.34,2.6822150074849858,-0.5826277388309397,-1.2606111872981083,0.054759508189049906,-1.2739647034819979,0.04759164602737994
34.35,2.674985375635524,-0.5806377385434887,-1.2613669501320228,0.053664150761104944,-1.273326041752727,0.046642083556903594
34.36,2.6676310576102176,-0.5778624940149165,-1.2623412706391604,0.05360140537339788,-1.2740859640729296,0.046660431026545136
34.37,2.6597652992469474,-0.5768425073200925,-1.2641943749862372,0.05159917904976735,-1.2739402878318997,0.046758591510712655
34.38,2.651675697371424,-0.57514692698575,-1.2671458654161503,0.05477653075973716,-1.2735585240935718,0.04643970459448779
34.39,2.6433210313849758,-0.5738698036115889,-1.2655708350381238,0.05268292025762654,-1.2763975912855425,0.04881710670172443
34.4,2.6357405836364456,-0.5724759519107272,-1.2672054871578624,0.05360684139229861,-1.2748678922846433,0.04513603760369701
34.410000000000004,2.625455219460521,-0.5712477612186777,-1.2688748419202884,0.05355928658819703,-1.2776248090855837,0.04576295657823165
34.42,2.615684550364105,-0.5688892133736972,-1.269433574588752,0.05412568010951172,-1.2768808434958048,0.04764800040787567
34.43,2.6070799235318036,-0.5666592644142323,-1.2716574370916172,0.052162297708995026,-1.2781491910486462,0.04591812555919358
34.44,2.5966064837717755,-0.5652225184479015,-1.2735260719792818,0.052893418017627036,-1.278003132269934,0.04609047898265361
34.45,2.585577515718508,-0.5624370394081785,-1.2756345455379294,0.05229164139562809,-1.278505451381424,0.046204592390224376
34.46,2.574724300925331,-0.5624380847927217,-1.2762741338946717,0.05070726346255753,-1.278170269354507,0.04676880516549081
34.47,2.563316209907441,-0.5579025063664194,-1.2789491417521779,0.05102841941908038,-1.281371626381004,0.04797176559938524
34.480000000000004,2.553950438365216,-0.5581601573132892,-1.2804896835533903,0.051517995407796155,-1.280914517564642,0.0467810175693962
34.49,2.540381722187507,-0.5540643256530576,-1.2823954976110061,0.051394901616384464,-1.2821476074013578,0.04642767302925858
34.5,2.5268062735523285,-0.5524295973961909,-1.283885550016083,0.05181346738894699,-1.2819542532313475,0.04687213861309999
34.51,2.5158111080726213,-0.5515278079512161,-1.2870066781108283,0.05046880706155525,-1.2824080864448855,0.046537832755293905
34.52,2.5022591122152362,-0.5474098842681927,-1.2874767985736366,0.05117722821403643,-1.2827884198644968,0.04623681653069246
34.53,2.489828221526495,-0.5444271147373289,-1.2887968287332119,0.051683794791420115,-1.2842315417144143,0.04771607279175026
34.54,2.475397097773004,-0.54263074872193,-1.2930555611773669,0.05011163452904854,-1.284448748257529,0.04444196839328441
34.550000000000004,2.4627935535712986,-0.5388918795189332,-1.2927862503713325,0.048667785172080924,-1.2851650385419715,0.04665532317057466
34.56,2.449050231720579,-0.5368132532409242,-1.295050691179788,0.050405014998185185,-1.2868625025236187,0.04686980736943984
34.57,2.435219281987719,-0.5340440310530803,-1.2985314724666461,0.04974658268553391,-1.2862956794503801,0.0477206718220905
34.58,2.420039573230259,-0.5331385788556404,-1.3003166143280007,0.048360083291379516,-1.288390490911566,0.04804284993485134
34.59,2.4034564458293026,-0.526242953670389,-1.3023533490018642,0.04790871373607899,-1.2885920375503377,0.047349188688144396
34.6,2.3896513776780246,-0.5259202445671612,-1.303884517811667,0.04737791071797242,-1.2909432362637183,0.04643227416372366
34.61,2.3727589144139323,-0.521322448704551,-1.3071743678039631,0.04778364161399687,-1.2919511676490323,0.047392503158686525
34.62,2.356993579966507,-0.5181810803018995,-1.3081281280326875,0.047277393109526625,-1.2921100735712596,0.046045061702611835
34.63,2.3418665449161953,-0.5162289984510322,-1.3118585690282099,0.047391825798033284,-1.2944867016329802,0.04636318163142838
34.64,2.3254927098810443,-0.512766497682202,-1.3131395030877941,0.046701800511667516,-1.2944935356716163,0.04542474494063561
34.65,2.307832579556747,-0.5079461697820604,-1.3162465551323514,0.046194260669342076,-1.2959739857651926,0.04497473300471076
34.660000000000004,2.2904536355402363,-0.5057221048364905,-1.319417180181386,0.045538017005865995,-1.2968555083052515,0.04690593395901191
34.67,2.2738354318639016,-0.5036040719994348,-1.321910790109189,0.04796298761740237,-1.2960861703631041,0.047589739661245044
34.68,2.2548476436201397,-0.499811036791016,-1.3248402599596576,0.04617137622589958,-1.2972762487282263,0.04656148702053354
34.69,2.237833790944863,-0.49682994963757826,-1.3264097885713915,0.045979062568336344,-1.2991438025870903,0.04635794211476818
34.7,2.2206118091639255,-0.49254488245307537,-1.329037241495874,0.04554971675872171,-1.3003266472636617,0.046169484933572646
34.71,2.202225492514434,-0.4899411801030794,-1.3331007622594642,0.04511894028560046,-1.3020640895481013,0.04688976042241249
34.72,2.1837576534617185,-0.48498062176808904,-1.3346345515023201,0.04501976772274308,-1.3029664200592954,0.046503063402502744
34.730000000000004,2.1657209783402296,-0.48344169995354436,-1.3365210956213371,0.0458971106662985,-1.3028463224171956,0.04681585073530871
34.74,2.146646013511331,-0.47871994305647736,-1.3409509384525133,0.04439254583621956,-1.3056577048297924,0.04515289853007529
34.75,2.1266281672158582,-0.47417384427169534,-1.3444911149689323,0.04298134523359794,-1.3060496655124412,0.045161105927277775
34.76,2.1054830386533023,-0.47191158954097406,-1.3464193148961376,0.04322541332152541,-1.3066856340936617,0.04654129132260399
34.77,2.0875044852420803,-0.4679804142643006,-1.3492610309358861,0.04223564264677356,-1.307497827542088,0.046307004705899074
34.78,2.06941950048187,-0.46384736748714195,-1.351626792466991,0.04381155887310162,-1.3094263033205147,0.046374432123010394
34.79,2.047551646025795,-0.4588198072291659,-1.3545707575341097,0.04121644525821906,-1.3101564796668188,0.04614764513569998
34.800000000000004,2.028593280499175,-0.455016403096621,-1.3581273347540501,0.04113519024065454,-1.3111461557476443,0.04683702947852765
34.81,2.0074889025406715,-0.45181917219058526,-1.363173055667901,0.04137103248134078,-1.3120214028426986,0.04560578267432847
34.82,1.9876487127802112,-0.44807140643044097,-1.3650381517205306,0.040666497206903254,-1.3149982065630719,0.045588271943732835
34.83,1.966149969734943,-0.4433974148938915,-1.3675908797977112,0.03968673430211268,-1.315515669965962,0.04556397106595856
34.84,1.9471999399372806,-0.4403006870715479,-1.3703637479515511,0.03904400511451583,-1.3160803444727804,0.0466245504788319
34.85,1.926273818684466,-0.43461014601673337,-1.3738015466500224,0.04033342107470819,-1.3166246017636531,0.04470265001930274
34.86,1.9037981642385522,-0.4331523510239547,-1.376288879962968,0.037527858584174914,-1.3208539391539695,0.0446864335801946
34.87,1.881684493371665,-0.4275396773840763,-1.3813375858865848,0.03695810196660755,-1.3206032533374292,0.04562107017622855
34.88,1.8603346047390912,-0.4243084911538594,-1.3836493646401762,0.03770843523631021,-1.3221269327065486,0.04659710562576206
34.89,1.8425006815737082,-0.41984758808178957,-1.3879464643889945,0.03739976221211727,-1.3229487574082253,0.045483149506420996
34.9,1.8197263115362887,-0.41351408954143853,-1.3915108834095313,0.03674476232451724,-1.3230580236780196,0.04503556218139714
34.910000000000004,1.7983614821724312,-0.41074722044771117,-1.3921725692200357,0.03843808585092045,-1.3254020796787869,0.04392894212836056
34.92,1.775462183654916,-0.40522845771852334,-1.3977338844408136,0.036781513474095556,-1.3291815691741482,0.044234490417159184
34.93,1.755178612441767,-0.40292970561202507,-1.4000865620086276,0.035215538080549676,-1.33002823933625,0.04597983673691945
34.94,1.732427672128641,-0.40010233957165603,-1.4029991812571594,0.03601047371587957,-1.3297633889041605,0.045436906323961246
34.95,1.7109257838919216,-0.3951941337179521,-1.4062535273966508,0.035720858286916096,-1.329990852669293,0.04598658864361879
34.96,1.6884774067109785,-0.3898167924593093,-1.4091766071654745,0.034035093115673876,-1.3326070406115307,0.04585047620785476
34.97,1.668407142688894,-0.3877408835314163,-1.4114387690337837,0.03524484086298681,-1.3333382873776927,0.04500798926204225
34.980000000000004,1.6456590308624912,-0.38250174700112455,-1.4163162004472247,0.032515693684386594,-1.336343590895936,0.0472140504996063
34.99,1.6234685825557078,-0.3775444663051114,-1.419481726602316,0.03265416495823258,-1.336404612301048,0.0452189495225958
35.0,1.6013284007310635,-0.37415642071203753,-1.4223315670915915,0.03311437920338019,-1.3371071232863199,0.045715267667192534
35.01,1.579437650770025,-0.36942516402279696,-1.4247514089082938,0.03169965725742864,-1.3403984020889472,0.04554542659857919
35.02,1.5571324750322688,-0.3659974177999729,-1.4285663518077967,0.03197076822523047,-1.3411788422398372,0.04670983002875012
35.03,1.5343888474227885,-0.36091573961469453,-1.4342787125491496,0.03190727397160828,-1.3419474218349237,0.04569689800617204
35.04,1.5139182866337788,-0.35544937971998464,-1.4362921928838168,0.02984534002594811,-1.342490876832337,0.04472226994013229
35.050000000000004,1.4905198842872676,-0.3533436541432885,-1.4398423915680467,0.032178067586150466,-1.3433888874723898,0.04459999670312165
35.06,1.4707361465346276,-0.3500055028249734,-1.4429674473289091,0.03074669534854883,-1.345167413874011,0.044393639358295746
35.07,1.4485619561973904,-0.3437438572330739,-1.4457501106824813,0.030725169920078812,-1.3463359526548586,0.045271415525370874
35.08,1.4284219544269607,-0.33914171576967356,-1.4474809631101118,0.028965676145700423,-1.3493023973342193,0.044663923335759685
35.09,1.4051306109177333,-0.33442863572572373,-1.4532341992845015,0.029062783182792915,-1.3488536738519128,0.04483488988909213
35.1,1.3836569291445422,-0.33124274549488775,-1.4545424062320063,0.030052917934771307,-1.3504684454980755,0.04399690739556802
35.11,1.3637116657559734,-0.3283662290130628,-1.4571445200478013,0.02946850480138202,-1.3504819442340625,0.04526847254722338
35.12,1.3391902063626464,-0.32422113460517754,-1.461647959464065,0.027290564479903558,-1.3533357292476738,0.04516679242640847
35.13,1.319650212681931,-0.3202866160903695,-1.4643359730857668,0.027916185365863697,-1.3545505779792546,0.04521455972421237
35.14,1.2987583553838489,-0.3139910622592735,-1.4681531433234023,0.028211043510903897,-1.3572343368001274,0.044956654843501934
35.15,1.277325391677754,-0.3118558129875808,-1.4704322644685148,0.02742276637192031,-1.358609015075162,0.045142562305214795
35.160000000000004,1.257316788896616,-0.30771516770160506,-1.4753110109776717,0.02485254670010532,-1.358403650624945,0.04432578232840453
35.17,1.236756171564939,-0.30285344009259646,-1.4786252898765746,0.026045396795435122,-1.3595736691752673,0.04362762004314141
35.18,1.2140806254901548,-0.2985755068295584,-1.480407305932603,0.025921983098131585,-1.3612216873151277,0.04455570554039669
35.19,1.193827239941825,-0.29604335376446594,-1.4838409830799937,0.025267199099626055,-1.3632326374750376,0.04344680301962156
35.2,1.1744288785973513,-0.29043851060843234,-1.4876294060097282,0.024766195076584695,-1.362812510523039,0.04411535077629046
35.21,1.1548702064595289,-0.28857364258730667,-1.4905162356310202,0.02550377804739779,-1.3629188445098992,0.045032700618968566
35.22,1.135661117648338,-0.2851522973920505,-1.4937695014958245,0.02359254347274976,-1.3633187521888028,0.04398807784196163
35.230000000000004,1.1155989337183359,-0.27942296369883857,-1.4956008928639177,0.02345903621458938,-1.3676578232319923,0.04186859631666986
35.24,1.0965064807802494,-0.2765222074503918,-1.5004823823067845,0.023481019976994786,-1.3674174901148834,0.04486077340016498
35.25,1.0769987432818793,-0.2730554336931189,-1.5025281224685698,0.02244382107015172,-1.3682264101897492,0.04232097291088891
35.26,1.0569796564242595,-0.26774887603633657,-1.5038677842855452,0.02296739283152811,-1.369163944438145,0.041724082172512604
35.27,1.0393309674567288,-0.2646237552651463,-1.5063291937498622,0.020955244444736544,-1.3727575152449727,0.04564632151294886
35.28,1.0183889987402714,-0.2615754132853428,-1.5098493060750509,0.02229029825313883,-1.3714081917328131,0.04424870988973902
35.29,0.9997782669755059,-0.25712313354473365,-1.5124607362431575,0.019671834369020588,-1.37221996983528,0.04185014796275466
35.300000000000004,0.9833346289346245,-0.2547736518381144,-1.5152222915198796,0.02134543499785317,-1.3745851660977573,0.044381358728447125
35.31,0.9643293946281222,-0.2501238536887552,-1.5166416518208212,0.019378867995917867,-1.3784153757864277,0.04359257760065774
35.32,0.946200964964518,-0.247650315212332,-1.5220308951816386,0.02096455631317344,-1.3779043326515559,0.04431674907752342
35.33,0.9296508190844334,-0.24366709850370735,-1.5234332168073843,0.020690400510037718,-1.3777027631959795,0.04358950237497507
35.34,0.9122461476429925,-0.2400914554661118,-1.5256790821856623,0.0180314758165298,-1.3789448331452772,0.04293113574226586
35.35,0.8953028753793598,-0.23670409187841018,-1.5292524581596931,0.018558356217163098,-1.3792830897529504,0.04371400992061809
35.36,0.8793190105021192,-0.2325658337297701,-1.5306567347582118,0.019071976681834437,-1.3792141564607996,0.044010278370988754
35.37,0.861191511807535,-0.2315300554925191,-1.5346196725069874,0.018542914471008618,-1.3813899226113135,0.04253567088706249
35.38,0.8450333528098743,-0.22763657945575966,-1.5358777219016415,0.01821082812855136,-1.3825506627827797,0.04266073453743448
35.39,0.8287298483254057,-0.22481196711191606,-1.5383846386510447,0.018125824243691926,-1.3844576892710845,0.04350654293570387
35.4,0.8152351358420568,-0.2212762770930056,-1.5413192168374925,0.016724928545999815,-1.385275025739136,0.04369068717599418
35.410000000000004,0.7988414129817593,-0.2183068086702567,-1.5431417137923236,0.016998946439412015,-1.386016405361376,0.045443753736554904
35.42,0.7830987619540682,-0.21703430866791587,-1.5471683051760001,0.016721541094606558,-1.3856500634007545,0.04312782989056713
35.43,0.7701607216184594,-0.21307858854572986,-1.5469823488818073,0.01608213980583829,-1.3879998598994847,0.04368345632475885
35.44,0.7548866542895118,-0.2104527481434738,-1.549861566735664,0.016976526720872284,-1.389455165363686,0.04328059679577493
35.45,0.7399181213860121,-0.20799110646122726,-1.551881126935545,0.01574811724684956,-1.3908100473313598,0.04334639507431188
35.46,0.7256616692707426,-0.20449259530495084,-1.5536051939746371,0.014022509122359863,-1.3905618254324168,0.043836413552959606
35.47,0.7118987358502542,-0.20164885545421818,-1.5554168977028109,0.015516983790846019,-1.3913683870043116,0.041487498822972174
35.480000000000004,0.7006972251619608,-0.19805228530669705,-1.5567416361201842,0.015232433873079708,-1.3924341657072452,0.04421120321971479
35.49,0.6870585849432361,-0.19691294138040388,-1.5599717855485133,0.015234255073981741,-1.391351276493568,0.04438717952603897
35.5,0.6742219939471081,-0.1957290050995957,-1.5642951478019447,0.014607878163653845,-1.3939515671280456,0.043800583947535755
35.51,0.6622225550555904,-0.19277848719335813,-1.5632345288931,0.015019895752017936,-1.3938282288062327,0.04488459716824581
35.52,0.6513281017254391,-0.1906632360061589,-1.5660461917908828,0.015130919505575397,-1.3942584942010487,0.0424132585131783
35.53,0.6399655727875092,-0.18698757249383846,-1.5664203599588977,0.015565406637948483,-1.3933189764613305,0.044880668284476725
35.54,0.6283169844844524,-0.18611535500615844,-1.570726815666938,0.014011266323176355,-1.3953408209477278,0.04338894083428585
35.550000000000004,0.615542137172139,-0.18409695026523124,-1.5701954798204256,0.012895707319786382,-1.3962983238165225,0.04370814134576131
35.56,0.6076720130712506,-0.18033044400709627,-1.5726662420508204,0.013747095520454566,-1.3968841442750466,0.043879308341440104
35.57,0.597008782804431,-0.17862448813431211,-1.575898192214832,0.013753837109258276,-1.3972551989138349,0.043089097145281884
35.58,0.584744793643372,-0.17802932424243567,-1.575960340066321,0.01466221046254102,-1.397941544182049,0.042582539435048306
35.59,0.5754473162894115,-0.17563374163618384,-1.576158531619801,0.0128250571948048,-1.3983105243415768,0.04295577121598647
35.6,0.5690251130189635,-0.17352088705905935,-1.5795713521962726,0.011617825431312845,-1.3976127802948652,0.04405675877915231
35.61,0.5581839498795511,-0.17406045084695881,-1.5792842762268497,0.011667055233989483,-1.4001896919299233,0.04318617928998585
35.62,0.5507341835906483,-0.17007450012541728,-1.5791384535786872,0.01208106700877491,-1.4014077821893705,0.043551547823889175
35.63,0.5440989083041998,-0.1698414754979681,-1.581221186154247,0.011610063017985386,-1.4008902660359055,0.04218360807002498
35.64,0.5348797326100884,-0.16808741243676664,-1.5826061823664421,0.013740335475146992,-1.4017159768309597,0.04143847794289594
35.65,0.5272202179913881,-0.1662845792699194,-1.584084482147883,0.0119058356801859,-1.4005262481706462,0.043289012348770375
35.660000000000004,0.5201604672004115,-0.1658478520219862,-1.5868592945123943,0.012191455335673174,-1.4020385601157792,0.04223286552456952
35.67,0.5133950373716369,-0.16398101202882304,-1.5869052137373905,0.0110791406338007,-1.4023078617579376,0.042947997638744524
35.68,0.5064235045131319,-0.16335608971431226,-1.5874502342903987,0.012451787032668301,-1.4028702722583604,0.042926458730897815
35.69,0.5010343636543129,-0.16022388821915454,-1.5878372186914085,0.011751916135152808,-1.4028634109263811,0.04298440065798158
35.7,0.4950685484759678,-0.16071268260210855,-1.5904990389717522,0.011710021033401975,-1.4034691408662756,0.04286069295387654
35.71,0.4902675229510995,-0.1598474473229227,-1.591525438269212,0.010694575058528168,-1.405448688759054,0.043396800683346455
35.72,0.4834715764365519,-0.1573496291718671,-1.589925823396828,0.010393821224067267,-1.4051229650281485,0.04355878781610723
35.730000000000004,0.4800511805952182,-0.15901503871043005,-1.5912626735756679,0.009187259661923294,-1.4051920069842603,0.04403793584628325
35.74,0.477189723597898,-0.15657445817222684,-1.5932934319428729,0.010566736017561612,-1.4049333448458166,0.04249032040772993
35.75,0.46941666956143796,-0.15590242854188008,-1.5925124292109636,0.010782540008823442,-1.4060204239000869,0.042482679592910716
35.76,0.4658106990534585,-0.15562139626313992,-1.5940840073549982,0.01141318828334522,-1.405694915177567,0.04152993333530004
35.77,0.4632957998718228,-0.15365909064845606,-1.5952408796077413,0.010459266119841718,-1.4064111369483319,0.043644076540085563
35.78,0.45858129169971495,-0.15341270717643815,-1.5947246193467326,0.009418415821491702,-1.4047029721466517,0.043625076030158735
35.79,0.4550253818011428,-0.15255980609891634,-1.5941948287713221,0.010695888532153915,-1.404764353280545,0.04558758939725646
35.800000000000004,0.452599794022501,-0.152663777100343,-1.5963545824548726,0.008657771729419741,-1.4052115319654863,0.042727470456448806
35.81,0.4507584327001501,-0.15069286550244237,-1.5968427807367576,0.009724339374266706,-1.4049409551790126,0.04296992997568118
35.82,0.44694716514881183,-0.15206819800426016,-1.5963944837465986,0.011804414333626261,-1.4060134292760602,0.04318525094344367
35.83,0.44667390165244,-0.14950729865755027,-1.596315644041214,0.01286763268660782,-1.4069614981371195,0.043980827052171406
35.84,0.44293529541071974,-0.1495502935712193,-1.5971261295374486,0.010808519175256603,-1.4047802239020402,0.043849653491617104
35.85,0.44190170890251546,-0.15066882958177025,-1.5970146692824359,0.009491358114193637,-1.4061994182320317,0.0437679153195015
35.86,0.43974289268670147,-0.14823549684451287,-1.59608842559989,0.010470728298964692,-1.406574999667104,0.0424994099256301
35.87,0.43827247113913,-0.1503601869454125,-1.5980437912626204,0.010221991613594003,-1.4086007318854585,0.04351380405170867
35.88,0.4381976680514817,-0.14919431715341366,-1.6001612393737508,0.010068869248661743,-1.4084399246473251,0.04247628215049056
35.89,0.4375424367990914,-0.15111336999555783,-1.5986747878160243,0.01099352877513987,-1.4078982616971853,0.0423271154639646
35.9,0.43718084196900203,-0.1484914142068473,-1.5972775863984088,0.010684375451840823,-1.4071966390937356,0.044107933950311914
35.910000000000004,0.43635167038465156,-0.15015236751368008,-1.5982317472079253,0.010201015555000949,-1.4077554112820985,0.043859710468033726
35.92,0.43433191317482817,-0.14689094530864324,-1.5973281580638345,0.011418328297670394,-1.4084620979581035,0.042299086629076076
35.93,0.43301882480300613,-0.14732847373789879,-1.5992011161836892,0.009399996158845425,-1.4084216087444852,0.04540417700249909
35.94,0.4331789702258291,-0.14795378678052956,-1.5994046908615138,0.011048849681700857,-1.4090116709105807,0.042146742517869464
35.95,0.43241344596330894,-0.14817676087883236,-1.5991392119806163,0.011536784672366277,-1.407039776974969,0.04239883937080855
35.96,0.4337520277753702,-0.14867816522098073,-1.598987970018412,0.01098527830058392,-1.409629618791234,0.043641574861353144
35.97,0.4321548369338,-0.14893847354501216,-1.5967796053578247,0.009737930685945516,-1.4066611844896217,0.04324382557689973
35.980000000000004,0.4330572494824582,-0.1485230760759634,-1.5987607066247354,0.011533869619328663,-1.4066866403421328,0.042563987475664505
35.99,0.43179020101767907,-0.14881060833789136,-1.5976430477109644,0.011228659065995883,-1.4070155465349077,0.04158910641069767
36.0,0.43335779633939403,-0.1471624134144948,-1.5983485433419766,0.011927704093064673,-1.408652764363392,0.0435976072987109
36.01,0.43180968890978255,-0.14737624792134815,-1.5979651780105364,0.011771979500123065,-1.407063921989582,0.0426474382393487
36.02,0.43227146039673925,-0.1485183208284614,-1.5989456908044242,0.011375574346221873,-1.406386795600302,0.04169399853037985
36.03,0.43273347553991637,-0.14824546586386358,-1.599181808754886,0.010582445265426382,-1.4062251671499693,0.043778250153442486
36.04,0.4338755389318287,-0.14892698147546068,-1.5984681409581327,0.009531846354327612,-1.4072910578470044,0.0432875001543805
36.050000000000004,0.43353761667400104,-0.1471537621226123,-1.5978987540009046,0.009449360188349932,-1.4086799932960292,0.0434538030856065
36.06,0.4340094516922652,-0.1483216349941295,-1.5998329023316493,0.012019292777255962,-1.407072913961272,0.043149349147095596
36.07,0.43168075289233154,-0.14828584867591185,-1.5979005804894943,0.010638968388970686,-1.4080933134464093,0.04295020114619047
36.08,0.4321624327417553,-0.14684774505466286,-1.597719075134119,0.009742431507996223,-1.4085196821378336,0.04324243939483171
36.09,0.43226993569691746,-0.14866504142823214,-1.5994906612172903,0.009317379383684965,-1.4073580435121549,0.042767104619127236
36.1,0.43487861979297326,-0.1477814160504334,-1.5995050436447498,0.00885990457231978,-1.407152529914034,0.04265366812520946
36.11,0.43386193108883403,-0.14805402739882823,-1.6002300753445913,0.009310384475889043,-1.408089294762848,0.04338574999949805
36.12,0.4317813001945384,-0.14816664149152234,-1.5996660106840046,0.010205397796339468,-1.4071770914126722,0.04427540835448818
36.13,0.43291430498519445,-0.14901273567721013,-1.5971971072741777,0.010040147007541828,-1.4068249356456308,0.04246514754107656
36.14,0.4327792189762177,-0.14899923818245198,-1.5982187751365913,0.010901472344031972,-1.4079317938247193,0.04251915488010695
36.15,0.4330113826371648,-0.14901996225288408,-1.5998246557601934,0.010508222020367653,-1.407593983516356,0.042887548967362285
36.160000000000004,0.4331547197184587,-0.14772338654081882,-1.598640500655507,0.009220286123314185,-1.408057272113756,0.04351047732960141
36.17,0.4328190337792802,-0.14877975555130718,-1.5991845063392987,0.010739152111644506,-1.407693428213601,0.043656869306228974
36.18,0.4334673652447976,-0.14857300418367966,-1.5976712762328165,0.010320785296611883,-1.407266336857741,0.041089956089512485
36.19,0.43185271132832587,-0.1490999667442068,-1.5987780787041486,0.010299790079326583,-1.4073645185331622,0.043249361252451414
36.2,0.4321022730844339,-0.14769667199778913,-1.5969210979770871,0.009891665869238718,-1.4080791597331197,0.04240193516020286
36.21,0.432774584748874,-0.14875881486741352,-1.6000099963974557,0.008928744172056293,-1.4066097161534956,0.04411857631662966
36.22,0.4340961670489121,-0.14810251212157108,-1.5993647281844972,0.00981775880101503,-1.4088014812326966,0.04166491737913029
36.230000000000004,0.4329227587378442,-0.14782962368782857,-1.5967909966734295,0.010127487175414882,-1.4086849344073376,0.042893604393908984
36.24,0.4324535078486462,-0.14872868050751126,-1.598200021912263,0.009140172784603858,-1.407385924029713,0.043568596213592575
36.25,0.4339389549302735,-0.14802914597578248,-1.5975897056821777,0.00981262762800466,-1.407765543358224,0.04417621843412383
36.26,0.4315030667907654,-0.14865180628108352,-1.5975152448257832,0.010015770274401882,-1.4077492347903269,0.04276845404773145
36.27,0.4328022342097819,-0.14735221305028998,-1.5976934558477278,0.01020999832936765,-1.406546711139307,0.0432982706285126
36.28,0.43344972377993796,-0.14919742166249625,-1.5969828265291024,0.010392172142535515,-1.4098983523487016,0.04444821066016776
36.29,0.43270441125965436,-0.1486451335896923,-1.5990285581855543,0.0105835377337296,-1.4082752655836843,0.04249655413751809
36.300000000000004,0.43221752283631515,-0.1485550336570912,-1.598949604014563,0.010944220725245687,-1.4072634535151618,0.043342989258270355
36.31,0.4332328509522921,-0.14838124007645662,-1.5993903878591014,0.011775310166575802,-1.4066905733175183,0.044407457082914215
36.32,0.433602805084208,-0.14870174983897405,-1.6005489972894014,0.009127411027502379,-1.4069445297261705,0.042911208190026216
36.33,0.4323336118798943,-0.1504777812631745,-1.5985114556991422,0.00925597012603232,-1.4081321430539229,0.04374185577377739
36.34,0.43180190422154124,-0.14911479762847105,-1.5983380506129883,0.010961279538411833,-1.407851427189602,0.044280386982681594
36.35,0.43158415064007183,-0.14956890288688401,-1.5998432804399962,0.008758197673152184,-1.4072063056231887,0.04214671784929122
36.36,0.4314693750082174,-0.14796856485908452,-1.5977809686383597,0.011117046949920157,-1.4067361702099979,0.04219880358217924
36.37,0.43294093481823265,-0.1478663977507462,-1.598914413809468,0.010343773333136255,-1.4085922429545408,0.042452315527052996
36.38,0.4330244456299815,-0.14698442085336932,-1.5974951793804821,0.010776707816309076,-1.4074304485954707,0.04293434899253082
36.39,0.4314367307276471,-0.14902911699691487,-1.599200623031414,0.010701572123134669,-1.4066753775064094,0.043642781567670506
36.4,0.43373207116485757,-0.14823694339082166,-1.5993577684001747,0.010156425327682421,-1.408132539688431,0.043574091143664326
36.410000000000004,0.4323866371256757,-0.14838598505690279,-1.5978947004163608,0.009553273228944942,-1.4066587717332635,0.041824000333522016
36.42,0.4329675161857854,-0.14837932433950204,-1.5977780080806518,0.009000632460589724,-1.4088358672626504,0.04365453720346878
36.43,0.43235885607555097,-0.14837923978392462,-1.5990757397547568,0.010996577328718267,-1.4072388845976502,0.04321001903639524
36.44,0.4316793135915815,-0.14786235384397736,-1.5993658691156571,0.009625304068399222,-1.4086914906092458,0.04286339179262875
36.45,0.4336289281593806,-0.14810217130206646,-1.5988855614761255,0.010295248130864743,-1.4074095797517594,0.04305765580334883
36.46,0.43285475348425906,-0.1492075662839246,-1.5984070277418898,0.008668256838272343,-1.406997673639057,0.04203766978887285
36.47,0.43372764797003066,-0.15043387118950313,-1.5970387885837696,0.008769510101172783,-1.408547140504357,0.0432609764981666
36.480000000000004,0.43323993068048167,-0.14854730043724365,-1.5977210542732436,0.009504875280932183,-1.4078487970232525,0.04273638726530162
36.49,0.43223016097978445,-0.14998788922223283,-1.5985215260763692,0.010099637325227008,-1.40655910804175,0.04187780179741662
36.5,0.43214201184668083,-0.1472497557797876,-1.5982440571855583,0.010679424218350091,-1.4071043045166738,0.04339956838996318
36.51,0.43428916591267586,-0.14822011570594007,-1.5993825635024408,0.010757455969406993,-1.4079944096048975,0.04290406188959067
36.52,0.4330230438654484,-0.1490167668563016,-1.5989453161752545,0.010615256215304446,-1.4079787830586055,0.043849438932729856
36.53,0.4318394151486869,-0.14916352291985627,-1.5968366524707809,0.008864625514656315,-1.4075233145697863,0.044615724459373264
36.54,0.43267504925481226,-0.1471247208777773,-1.5979306082664815,0.010193715170387764,-1.4076140094982328,0.04115054666141784
36.550000000000004,0.4324215225426748,-0.14809735112445918,-1.5982978359735558,0.012351867710073539,-1.4072548178342827,0.04354990553069442
36.56,0.4337166221467882,-0.1478283236251246,-1.5985750919766413,0.010129150671105832,-1.407806003762595,0.04338764725160529
36.57,0.4325513671317265,-0.14775464011848471,-1.5993805948002673,0.01032814945503544,-1.4061455657514417,0.04280397901969941
36.58,0.4343083223255091,-0.14815716971763027,-1.598549312700365,0.010301768841697354,-1.407771768048895,0.041271638776941504
36.59,0.4334680974634634,-0.14638649678686502,-1.598080746370749,0.01067239165428656,-1.4076593421776522,0.044010361590914635
36.6,0.43266572904776446,-0.14806680647294806,-1.5998659090431844,0.00973806207477849,-1.4071794239023334,0.043791691589060974
36.61,0.4335158888403953,-0.14967809532284762,-1.599789606134873,0.010709755784823416,-1.4081517132626098,0.04378067932197127
36.62,0.43127740986950897,-0.14838587887674254,-1.5985298772593148,0.010619286639510282,-1.4083998568523803,0.04128367457599879
36.63,0.43284946368039773,-0.1478406029230955,-1.5976208296918248,0.009887104655498856,-1.4068230900708503,0.04342391758958224
36.64,0.4338540161325603,-0.14834833507503947,-1.6000096219280855,0.01014095579622597,-1.4074228121606736,0.043452209784736566
36.65,0.4313624823160049,-0.14857231047160865,-1.5977424367213937,0.010109168307329367,-1.4077668035802378,0.04466358361295026
36.660000000000004,0.4317662451964832,-0.14722386950621488,-1.5976087914811936,0.010003505193985929,-1.4075287024222043,0.04296818375344397
36.67,0.4328587793707405,-0.14881883521132827,-1.5988736298118877,0.009890008117599044,-1.4077821304669789,0.042728814030288984
36.68,0.43074451147355064,-0.14821478509520306,-1.5989603024730936,0.008570900001292023,-1.407805477138007,0.04266755188493385
36.69,0.43381286078828135,-0.14877056690999926,-1.5979172431324362,0.011406731119758987,-1.4080480933450588,0.04295855086512008
36.7,0.43420856816121595,-0.1481001806092044,-1.5981738417338545,0.009844603906754302,-1.4069004350440197,0.04296540529335452
36.71,0.43110118857492674,-0.14860999886641013,-1.599532518276455,0.010297948719108461,-1.4083000930477345,0.04341724579869212
36.72,0.4327390634539875,-0.14938909331034922,-1.5989298205904514,0.010741543117926682,-1.4064981870867541,0.04221248891371843
36.730000000000004,0.4317423025009281,-0.14659744445674608,-1.5985085241413748,0.010279821704233109,-1.408145240418566,0.04318781508024622
36.74,0.43419670332711724,-0.14807802442778628,-1.597570644244489,0.010225293186324228,-1.4083951821576925,0.042403763527523876
36.75,0.43172453358274876,-0.14810994535248712,-1.5974319555436274,0.0103405085536135,-1.4077685903056436,0.04231090932089764
36.76,0.433010185030962,-0.14938047404478624,-1.5994896898933055,0.010985540641291956,-1.4077423695643037,0.042740422247899805
36.77,0.4325524620681056,-0.14766655799701597,-1.5983555716717437,0.009551539111623182,-1.4081170543650487,0.04282973369722417
36.78,0.43296373647872666,-0.14833098827156177,-1.598608638181757,0.010240390024757037,-1.4075316117569234,0.042318987446199455
36.79,0.4336660841703759,-0.14872089614565911,-1.5983872337964662,0.00840201831308715,-1.4076877749896126,0.04204042743395963
36.800000000000004,0.43184564233350226,-0.14618624400649463,-1.5982822475732494,0.011269906185471246,-1.4067536068183473,0.04385804128188321
36.81,0.4325262772028892,-0.14689814978907412,-1.5977611259452513,0.010236071550255169,-1.4072702364583438,0.042880678456926065
36.82,0.4327455872887238,-0.14833804881917767,-1.5981670490963917,0.011718413586652729,-1.4085517477266223,0.04399689259245349
36.83,0.43237865479199283,-0.14719200988357709,-1.5987909859730052,0.010560195532766955,-1.4076386177569669,0.04148977347189847
36.84,0.4342175436053688,-0.1491227077295516,-1.5984267983943414,0.009281588735576262,-1.4086667540461528,0.04282115625144576
36.85,0.43218206371646034,-0.14931998352342823,-1.5985309207894791,0.008906792423725149,-1.4073905034546341,0.042888886389120154
36.86,0.4305354373955808,-0.1487564995079004,-1.598091235153612,0.009271881128073596,-1.4070533770560545,0.043377583840895975
36.87,0.43181187051157943,-0.14831071833162088,-1.5977800594647995,0.009435177322039573,-1.407679603593258,0.04400377298970032
36.88,0.4319515748349637,-0.147899308806247,-1.5994417719048974,0.010059534240948539,-1.4071101573987035,0.04090165452815972
36.89,0.4322337151482539,-0.14792533721433324,-1.5983029138349127,0.009744138862341642,-1.4084639296427837,0.04354843907137239
36.9,0.4324186470449815,-0.14782409478825181,-1.5981681927196483,0.009809553889160084,-1.4065640133076907,0.0424813949516993
36.910000000000004,0.43373886707212006,-0.14714695474799688,-1.5975836020703318,0.010042430668627984,-1.405277254131095,0.043132509288100855
36.92,0.4329103614619567,-0.1483192521555912,-1.5994859072401646,0.011330164602341312,-1.407999516224867,0.04380251201209972
36.93,0.4337119009795946,-0.14777350277308685,-1.5991038571093534,0.009902353071717697,-1.4098361896839802,0.042898362796216075
36.94,0.4334004967857333,-0.14850726228100944,-1.599014942197551,0.009940166791830178,-1.4064393931100618,0.04295255698643471
36.95,0.4343213377252197,-0.14879805894058426,-1.5983104295054738,0.00982178547066624,-1.4056896690896017,0.043156822468283486
36.96,0.4345570967663641,-0.14866663045556994,-1.5971669356898215,0.010302977368731455,-1.4067698802584974,0.04193560137563836
36.97,0.4330040485286789,-0.14923298358716508,-1.5982756410656336,0.008874954712247645,-1.407582102923087,0.04395610186861716
36.980000000000004,0.43317783090102574,-0.1493768245585254,-1.6001566546427768,0.010633665956449115,-1.4061201437446214,0.04215879839225324
36.99,0.4345303303454467,-0.14830566646289148,-1.600209282560007,0.008837874927282292,-1.406828092613527,0.04311306944589649
37.0,0.4339934818047591,-0.1493455611014286,-1.5983965937812779,0.010205900139107814,-1.4076248037152759,0.042666112205908956
37.01,0.43238638521392625,-0.1481481515530174,-1.5982355121542295,0.010420467841063012,-1.4064474035473928,0.04195169194705888
37.02,0.43114203462849615,-0.1474169672814004,-1.5993199184410438,0.009869293078973218,-1.4080327776342514,0.042447197578897186
37.03,0.4315045540941673,-0.14881186760898057,-1.597921753901545,0.010198070452470006,-1.4070551118504955,0.04256722536899711
37.04,0.4336693244007987,-0.14877858911349787,-1.6003127802192572,0.010479838057435832,-1.4068194560076195,0.04251229789702415
37.050000000000004,0.43409819498259145,-0.14911013130794715,-1.597861797536312,0.011729449684464547,-1.407446868233714,0.04280298810915978
37.06,0.43321087504892397,-0.1469952455234528,-1.5980578203721845,0.012082908636277154,-1.4072201619804006,0.0424305383646669
37.07,0.4331411588744254,-0.14842935023131487,-1.600138485688883,0.009803991458695115,-1.4078381821910526,0.0432109635714068
37.08,0.435802292452501,-0.1485234009554039,-1.5999661582115872,0.009429865877724174,-1.4071867404236769,0.043083682537654704
37.09,0.43610654667349813,-0.1478453963497934,-1.5973892481284384,0.01004922920596075,-1.4064216321758083,0.042221733140888576
37.1,0.43625222919127504,-0.14906807648649836,-1.5993565316865588,0.010770391370969874,-1.406118159808247,0.04265003705503831
37.11,0.43763915024862876,-0.15043397251186477,-1.599006776240933,0.010141550093722201,-1.4076092681304382,0.04242424023655565
37.12,0.43742234868305635,-0.14964868982042814,-1.5981207161323299,0.010532618794685537,-1.4078065016133212,0.042915756816423664
37.13,0.43794665436673236,-0.1504715500369715,-1.5969599076197496,0.011803419879775564,-1.4062227738012099,0.043299915790463495
37.14,0.4393398150073733,-0.1499375861848105,-1.5964949780657633,0.008349164209838033,-1.4073855055664404,0.04365357271818219
37.15,0.4404922495072508,-0.1496232978806522,-1.5968499446134754,0.009101861773903805,-1.4068975483952766,0.04247696254753198
37.160000000000004,0.4436413642414485,-0.1497536765712497,-1.5965612309333632,0.010469248119885881,-1.40661392322101,0.04199269569439279
37.17,0.44526081962334657,-0.15142040502447873,-1.5957070332947585,0.011041249033797168,-1.4061518185118502,0.04451791989202382
37.18,0.4472354150645324,-0.15163521153744675,-1.5965796168730344,0.009090313177094831,-1.4079411638503887,0.04356864799850687
37.19,0.4487770512636031,-0.15257028540507903,-1.5959882235938512,0.01017689154862809,-1.4056906042272974,0.04308383579553768
37.2,0.45201306062872054,-0.1513075142429462,-1.5948551695387196,0.009358164666161396,-1.406080599822886,0.04241192978085742
37.21,0.45503057049767615,-0.15109577789773454,-1.5949364597724338,0.010457407178384118,-1.4060487436613724,0.04380420273557234
37.22,0.45829335404295374,-0.15381245445228275,-1.593986462116674,0.00938677757424811,-1.4050648001299444,0.041646300445571965
37.230000000000004,0.46218689139860347,-0.15541799218542982,-1.5949556218587488,0.011910547417392812,-1.4048084388800794,0.04405808311677431
37.24,0.4649073779513924,-0.15566645172887922,-1.5931703121630343,0.011475742183636607,-1.406191629533066,0.04255493516486055
37.25,0.4692364433983295,-0.15408283963430808,-1.5932721126227931,0.010957684883694448,-1.4051780866367503,0.044032255293119285
37.26,0.47373201979167934,-0.1553465451563527,-1.593321012366353,0.0120321253066709,-1.4064878827963287,0.042983974209526626
37.27,0.48061457064397073,-0.15665022515618884,-1.5911408745358442,0.01019010442726668,-1.405354571431286,0.04425674691340356
37.28,0.48454008215492206,-0.15743204357158208,-1.5907024992686305,0.010955156295071758,-1.4037487202695347,0.04331872945529475
37.29,0.48921528046488555,-0.16045168356995895,-1.5891471717264183,0.011686918794103813,-1.404633028983284,0.04413090045979274
37.300000000000004,0.49512068554331384,-0.16005612965059346,-1.5883745815350354,0.0119943969252106,-1.4035153969830043,0.042947198369779505
37.31,0.5024962285105905,-0.16205490077659096,-1.5876142024361228,0.011451667014825662,-1.4030238205397583,0.044198658555088026
37.32,0.5066673402431207,-0.16207893773182044,-1.5871050584767232,0.011085381796144192,-1.4019527012492552,0.0437540151632455
37.33,0.513054543206729,-0.16289241072051852,-1.5870857847387998,0.011746184922891445,-1.4030359306600027,0.04380069891872906
37.34,0.5198333164978689,-0.16450727401009246,-1.584816237545697,0.011576679614216975,-1.4006559978179511,0.042506965892758944
37.35,0.5261669901558176,-0.1657986957389577,-1.586136385489653,0.013345068770853001,-1.4017357273644442,0.0419248633416728
37.36,0.5340425884337535,-0.16941179767918443,-1.5828027413000785,0.011030732947640695,-1.4009384462177303,0.04291756157723686
37.37,0.5422603398506772,-0.16904511568669017,-1.5814191479974349,0.01334050327155311,-1.4014619047411452,0.04317158033365456
37.38,0.5502586784589457,-0.17091535682937012,-1.5814187663230135,0.012128907462991187,-1.4007867428562117,0.04346822125798168
37.39,0.5592881638225471,-0.17224820423661516,-1.5795589636911194,0.012157983824057242,-1.3997463867776945,0.04242704418336648
37.4,0.5685904758924392,-0.17463628337149031,-1.5779626431458256,0.013027367165985931,-1.3979877959088514,0.04357625859821089
37.410000000000004,0.57730248256513,-0.17675336031751054,-1.5760658232544633,0.01277755922050253,-1.4001685631414464,0.04308944799593762
37.42,0.5868876212283463,-0.17869037606275895,-1.5754433905958587,0.013135537589390428,-1.3983178365265885,0.044354159189995676
37.43,0.5953952599912853,-0.17809321261623764,-1.57389240624808,0.013895374720848348,-1.3975689870720047,0.04178813366079449
37.44,0.6057743643137924,-0.18228249116610298,-1.5714693424777775,0.01237868886741096,-1.3978185993158008,0.043456481369516735
37.45,0.6176025659389078,-0.18346047910472427,-1.571617344726031,0.012396476547390107,-1.3959724984231434,0.0445821122989201
37.46,0.6277183684930429,-0.18693239477518644,-1.5695053283371272,0.014345666807122286,-1.395997308408132,0.04457894186723811
37.47,0.639991977768716,-0.18792384925201358,-1.569156784695836,0.013614990176780273,-1.395602932171633,0.042719448873537895
37.480000000000004,0.6508504682512889,-0.1901158109251942,-1.5671831181171092,0.015145072702106726,-1.3944214398784087,0.043703755942840594
37.49,0.6631656378436231,-0.1932493255985846,-1.562844500519839,0.014549487423776385,-1.3924064510589453,0.04263280992218237
37.5,0.675933231937329,-0.1957123123805321,-1.5598900265442759,0.014079329282364944,-1.3920754150822603,0.043118517005317845
37.51,0.6877932735773493,-0.19736555481474122,-1.5611882643978339,0.01271239949748819,-1.3900605448678882,0.0435209343576763
37.52,0.6974181395079931,-0.19953575266385656,-1.5577068595198862,0.014778554660297077,-1.3920987821213329,0.043462922909493766
37.53,0.7141776727878059,-0.20224462425530526,-1.5550556941612954,0.016645544059520078,-1.3908926741072296,0.04213330892676278
37.54,0.7263927311391561,-0.20446628410064496,-1.5542560303205357,0.016474045444571178,-1.3891327044220148,0.043991298896614066
37.550000000000004,0.7401304877916075,-0.20712716356611013,-1.5502853667254974,0.014888463941265704,-1.3886350484708112,0.045151520996734994
37.56,0.7534405227624502,-0.20942295385108417,-1.5491265633889573,0.015174184448971168,-1.3875938874368323,0.04334135305794614
37.57,0.768818598034906,-0.21335581069261492,-1.5468050836221194,0.01664553218623235,-1.387756470948641,0.04321446783970868
37.58,0.7832868014291127,-0.21684915700651036,-1.5461502690916697,0.017132442661732986,-1.386117464669431,0.044681161359578364
37.59,0.798810897471417,-0.21921440883168164,-1.5443625939252856,0.01757902689972214,-1.3856728075239948,0.04358383827295852
37.6,0.8141449082228974,-0.22129797952166896,-1.5409419916115104,0.01747133488320626,-1.3853518295523064,0.04315018040885204
37.61,0.8302657787008706,-0.22512850386575284,-1.5400048224790732,0.018935893848485763,-1.3845393306297187,0.043743741119989986
37.62,0.8458537352366138,-0.2278195184437542,-1.5386019750590312,0.018574215058815114,-1.3816064788258706,0.044427928083102204
37.63,0.8597561529507759,-0.22908433891159805,-1.535162775327799,0.017607374609765684,-1.3811117251768044,0.04416580700376521
37.64,0.8781442891104895,-0.23460992782906698,-1.5303686283022033,0.018834626515259235,-1.382173704201164,0.04487559486360428
37.65,0.895004703475122,-0.23636523835442472,-1.5285133449895691,0.02128184715723447,-1.3800745388041944,0.0438443297797624
37.660000000000004,0.9124498801057788,-0.24088048262579553,-1.5257550418053114,0.01695371728301083,-1.3788481870521436,0.04377096707621067
37.67,0.9289721645326013,-0.24470853023366254,-1.5230675881639828,0.019421797401873792,-1.377574735338551,0.04385944631904923
37.68,0.9470600073897486,-0.24607207595136785,-1.5210521644455597,0.020937471296542325,-1.3765724722242334,0.043481798137175634
37.69,0.9642813030569669,-0.2509943307260429,-1.5180528461914529,0.02064239128263172,-1.3763263198684175,0.043761623213160905
37.7,0.9811003174745032,-0.2543813831725825,-1.515836825102773,0.02247837533492514,-1.3733760241491477,0.04308531105299176
37.71,1.0008744023741905,-0.25754840249344463,-1.5132923798801443,0.02111028793428592,-1.3737668853323812,0.045654777323323986
37.72,1.018834352294689,-0.261006622657332,-1.5125165922173867,0.022334526400082686,-1.3713158302069839,0.04313569929163711
37.730000000000004,1.0374762449468788,-0.26451807682985895,-1.5074769140430848,0.022387290645502683,-1.3714776777137634,0.04571341869069854
37.74,1.0562833167679955,-0.26621346373937504,-1.503561420122849,0.023075213777151837,-1.3709995754152247,0.04491529897878339
37.75,1.076552133360985,-0.27410317581618326,-1.5029903018865425,0.023034031379323396,-1.3690597524654249,0.043705159318457885
37.76,1.0963294229853253,-0.2767554545625117,-1.4992502913360763,0.02253418687843108,-1.3673377461532974,0.042690150596495426
37.77,1.1145145814658517,-0.2812565518503367,-1.4961847045701693,0.02411054985105591,-1.3659640428680904,0.04359085718604807
37.78,1.1351662555120197,-0.28372047514638216,-1.491753837446918,0.023750616815798358,-1.3680212707115387,0.04504205161933353
37.79,1.1542356752221687,-0.2876392658657456,-1.4896508048093868,0.023008770740715775,-1.3641668520763137,0.04476355012218462
37.800000000000004,1.1750654499397457,-0.2917976421161828,-1.486054216064038,0.023773040570517778,-1.363572526601372,0.04421456435813064
37.81,1.1952853163660728,-0.29546561531747895,-1.482798275650749,0.025295938723695087,-1.3617452016864644,0.04459669650621331
37.82,1.2161073133146942,-0.29891063486616765,-1.4823759622645356,0.02638688630764836,-1.3604817378382432,0.04500405701539727
37.83,1.2357064081123648,-0.3046826297191281,-1.4796890693686502,0.02501282325829314,-1.3589005483426193,0.045576033336060244
37.84,1.2570618165202947,-0.3080024104143469,-1.4752663481737471,0.027428092707447834,-1.3592529705762348,0.04631481227021773
37.85,1.2793097431795835,-0.30924325314141465,-1.4711110222221668,0.026348854593484843,-1.3565470630646264,0.04531106452071514
37.86,1.2981075020616446,-0.31611387518800416,-1.4685328784306704,0.026381732991064992,-1.3545163885616236,0.04401797441530779
37.87,1.3198820061524825,-0.31836495524235764,-1.4639919830043358,0.027648850235857256,-1.3539979262962034,0.04370637114008329
37.88,1.3419264870396073,-0.32221169857608295,-1.4635479609228244,0.02941863817033109,-1.3536720363821675,0.04515092974608094
37.89,1.3624402175082493,-0.32747850428947056,-1.4588873157985214,0.027429350506946813,-1.3513245636983464,0.044420735128355586
37.9,1.382663930459686,-0.33245886747935,-1.4566119686978263,0.028254935571118977,-1.3500737461809358,0.04408829955733429
37.910000000000004,1.4061787142236297,-0.3358062490902908,-1.4525006029201948,0.029146248659281036,-1.3479897571951123,0.043550815208171986
37.92,1.4283720486421914,-0.33902595351188863,-1.4490191348187416,0.030584416711545027,-1.3481941647282896,0.0450356428320802
37.93,1.4481229130604558,-0.34319550387745734,-1.446359142404362,0.0299289753716506,-1.3460214122894945,0.045739992072912135
37.94,1.469608642220504,-0.34756850123540356,-1.4433314173922565,0.028520243220399713,-1.345964540609513,0.04559269462349743
37.95,1.492096826793132,-0.352889534914308,-1.4391507081877821,0.03084028692376012,-1.3434635415319311,0.04349697064049143
37.96,1.5138441393132862,-0.35651955497363064,-1.4371087069921873,0.03004209268105405,-1.343016416825969,0.04495010675983182
37.97,1.5358049484892573,-0.36132560408725994,-1.4331512803081892,0.031326223708403926,-1.3411274395696116,0.04606808258126525
37.980000000000004,1.5557440247789747,-0.3645135798165804,-1.4294358658337432,0.032555881710513664,-1.3390415928510453,0.04436229918294683
37.99,1.580410522244739,-0.37037214033873894,-1.4259337414823496,0.03231183013083633,-1.3387229634854865,0.04419753239063469
38.0,1.6018812527377786,-0.3721157032167155,-1.423598105112694,0.033115496938234276,-1.3367031098028925,0.044841044863437374
38.01,1.6246007058239251,-0.37809719232420375,-1.4195563934545823,0.032509843527970934,-1.3360261791332664,0.04514201039268201
38.02,1.6458732419245703,-0.3824979427765635,-1.4167562857457292,0.034206498038393957,-1.333604546699472,0.04572764399501729
38.03,1.6688177349696893,-0.3856753043654481,-1.4124168239551407,0.03482171476246178,-1.3322133770731572,0.046298037763029695
38.04,1.6881198060243692,-0.3896733531541482,-1.409351236015312,0.034485103379028895,-1.3337490238684468,0.043913288135912255
38.050000000000004,1.7105744543184305,-0.3958554360915735,-1.4066008622574675,0.035702640820691654,-1.3314007296362447,0.04536938198210842
38.06,1.7317410555965784,-0.39851353802732165,-1.4025820944699467,0.03426149474268429,-1.3302444126472328,0.04422986894487824
38.07,1.7548489873910285,-0.4028179647112933,-1.3998014362681896,0.03581425101546745,-1.3280042002230914,0.04567392031759995
38.08,1.7756409312731447,-0.4076908115728938,-1.396551247058213,0.036182393021398376,-1.3251889614393386,0.04507864727979298
38.09,1.797925299788938,-0.41089118760416665,-1.3920297625114146,0.03606048984030746,-1.324523677176372,0.045323839121370425
38.1,1.8213762184993223,-0.4151279143699738,-1.3910883464165418,0.03701521941317606,-1.3232368098135554,0.04556229095601766
38.11,1.8405754348813081,-0.4189467401845951,-1.3870939724164497,0.03742057519610454,-1.3239426941545531,0.047038324548004405
38.12,1.8608993686918098,-0.4235377818269774,-1.3831654517719272,0.0380079094353418,-1.3229336060569183,0.044696397558818025
38.13,1.8836574388033307,-0.42845775315454504,-1.3821993200190936,0.038770854365166495,-1.321328107826634,0.04615697984561614
38.14,1.9041486410511137,-0.43206510830591227,-1.3771693164892544,0.03785077847502263,-1.3200210774135466,0.04541726283084584
38.15,1.9243287808157898,-0.4352709270010502,-1.3743249918196883,0.03798823672941053,-1.3185298109689936,0.045770141324248774
38.160000000000004,1.9458124157273131,-0.43956692604335235,-1.3704169880125427,0.04175529343947207,-1.3157867750302832,0.044291328060803326
38.17,1.9666249771855204,-0.4441441696161152,-1.3672978103910194,0.039248352838778124,-1.3160116322468234,0.04467063596446191
38.18,1.9870066917730973,-0.4483722748497538,-1.3649762881665115,0.03942846184389503,-1.3134568467164662,0.04620567413748017
38.19,2.0067081859274256,-0.4517949364908094,-1.3629955225867498,0.042033086200604856,-1.31168019900516,0.0457816751530709
38.2,2.0275081827239285,-0.4563047083443288,-1.3589761246645276,0.04116325565011567,-1.3106773836177052,0.04670067189639558
38.21,2.049211046428924,-0.4594511611101653,-1.3565627628029664,0.04097593581065836,-1.3106150110912866,0.04485472893115614
38.22,2.0685644308584115,-0.4627385076055465,-1.3520824882115878,0.04247683017474194,-1.3111018414036693,0.04710227728614313
38.230000000000004,2.0866833161808724,-0.4673801432522087,-1.3490485497191136,0.042733364818519096,-1.3094045255294084,0.045015723568076906
38.24,2.1078626550599258,-0.47056999198679705,-1.3476131989601614,0.04314377482205168,-1.3084393727465204,0.04655422147434167
38.25,2.126203604850917,-0.47467627195648304,-1.3438117119896944,0.04419092245430068,-1.3057452751753897,0.04552131342205467
38.26,2.1464460285439713,-0.4765680859721831,-1.340208917714004,0.043499310838988635,-1.3055358771622794,0.04554055833355172
38.27,2.1656704553624544,-0.4828609205900984,-1.338003756910621,0.045174252769247594,-1.3035417452810134,0.045170866960372036
38.28,2.185702989211274,-0.48415782727299417,-1.3347530438645234,0.04539747921410013,-1.3027836962381458,0.0467784371122839
38.29,2.2019320664549853,-0.4904430359034912,-1.3301468354703194,0.043416812870629984,-1.3011823256328188,0.04642894359853606
38.300000000000004,2.2210183688201486,-0.49285797778661594,-1.3297311938472995,0.04512058046105287,-1.2999284651887024,0.046210703550631824
38.31,2.2385355083345795,-0.4974059925944519,-1.3251940693548947,0.04581816587971988,-1.299084501195745,0.04569972765277892
38.32,2.255500824150312,-0.49892869542619206,-1.3244170815700909,0.0462387672182164,-1.2993810782921584,0.04762651191541077
38.33,2.27469294747774,-0.503127473438348,-1.3212335903271353,0.04668463973692876,-1.2983172279090063,0.047772302463859766
38.34,2.2916000154120773,-0.5069990713150947,-1.3200014814066339,0.04723558487740768,-1.2959310571587057,0.046760303776103136
38.35,2.3082099279947825,-0.5105367936808616,-1.3160431593266546,0.04653285548378141,-1.295114890365898,0.04844404039982506
38.36,2.3256842223881535,-0.5120782179029588,-1.3115958758112782,0.047366659220734346,-1.2939882643813956,0.04580706948382896
38.37,2.3409953866372013,-0.5178457252596763,-1.3108044739335585,0.0462459297375297,-1.2923181721473884,0.04639182442861469
38.38,2.35768663772387,-0.5192146459876745,-1.3078510300978141,0.048721987567399136,-1.2921611761257699,0.04567392171336687
38.39,2.374280712982737,-0.5230916219634912,-1.308026693898057,0.04841091825887145,-1.2901197166928604,0.046133514284221404
38.4,2.389437200277111,-0.5256115118314565,-1.303692561944397,0.049235453671748676,-1.2904769011740838,0.04561831107469256
38.410000000000004,2.4031278972239414,-0.5273918285677434,-1.3030115462851908,0.04890261377928898,-1.288651202155868,0.04610511263447177
38.42,2.419270582369153,-0.530221085577767,-1.3004670277282575,0.048076370319727675,-1.2886341908973336,0.047684750109827916
38.43,2.4355342811049456,-0.534013970248723,-1.2981708223970554,0.050085238948753975,-1.289004581588243,0.046812077273314226
38.44,2.448496132258846,-0.5355743437205056,-1.2941658256790478,0.048614512822087244,-1.2865381330039647,0.046123932927725424
38.45,2.462373266286111,-0.5388803800442461,-1.2935560555174754,0.049880602755133084,-1.285004335438049,0.04796943150386535
38.46,2.4766613821886834,-0.54197150362743,-1.2921579957141947,0.05136346487876342,-1.2845812387204574,0.0467908414316716
38.47,2.4899460081044884,-0.5443534145555001,-1.288493886616541,0.051023146165034824,-1.2828012884382773,0.046907936220816224
38.480000000000004,2.5045439752683785,-0.5462771338196627,-1.2872438371276584,0.049042361564070595,-1.2833447066651875,0.0480797902632095
38.49,2.5151541564541664,-0.5495978477423988,-1.285119833051848,0.051569066309205526,-1.2829896053120866,0.04598411085716501
38.5,2.5288192957141153,-0.5527252900549396,-1.284987522779143,0.05259606653962652,-1.281093552196438,0.04840880027236872
38.51,2.5412470657635553,-0.5538262513447643,-1.281234416342297,0.0510644340540049,-1.2807267051825109,0.046304300444450434
38.52,2.551382976246656,-0.5569895927685106,-1.2786507481641893,0.05038159384427803,-1.2815261005815297,0.04732435965684749
38.53,2.5634529869558245,-0.5584916110863777,-1.2771848702008652,0.05208365891522608,-1.2803270458782814,0.047948576722272485
38.54,2.575627923215177,-0.5610431209083372,-1.2763886475719188,0.052224587720688394,-1.2793784045166834,0.04542557161079729
38.550000000000004,2.5864647152853353,-0.5625503870477799,-1.2767494205988645,0.05255466192495963,-1.2769242622443862,0.04588447416779901
38.56,2.596239639025128,-0.5653338353764222,-1.2717144906290907,0.0532914738794519,-1.278594735163886,0.047185932860593374
38.57,2.608469650373418,-0.5676771204065265,-1.27164598148678,0.05295907475757296,-1.277751827765737,0.048444311585210995
38.58,2.6158670042359518,-0.570236066727214,-1.2706178744305463,0.053271949396980274,-1.277327490639992,0.04718698781214228
38.59,2.626252330894625,-0.5719058411787424,-1.2692258865892931,0.053191176504707144,-1.275449699174659,0.04647012765844248
38.6,2.635038654326359,-0.5728606131211913,-1.2667237109029166,0.053517913856800395,-1.275840517415772,0.04737425702446474
38.61,2.6433543548690226,-0.573910840663101,-1.2656231263630744,0.055305214963865736,-1.2752801315680535,0.046849281822362566
38.62,2.651622077904068,-0.5768437184721917,-1.2651587564800237,0.05398140817174565,-1.273835347475498,0.047245813801598965
38.63,2.6600667231308415,-0.5779409470032091,-1.2643368212758055,0.05307342225323007,-1.275121383636948,0.04818736091865137
38.64,2.66973293726063,-0.5807035726494446,-1.262110700146861,0.05394928461683317,-1.2733411784018076,0.046499162167256705
38.65,2.676495724855143,-0.5800960078072623,-1.2603368853134511,0.053213186386270386,-1.274282530331866,0.04740938393303554
38.660000000000004,2.681907753879735,-0.5809105128337186,-1.262020825310248,0.053586975536750465,-1.2731847655732456,0.04675264085252535
38.67,2.6897940923637935,-0.5827987411182507,-1.2585814894037177,0.054787415062635146,-1.2723883221212084,0.04889513618032341
38.68,2.6972712209529455,-0.5846681220612953,-1.2582826439077623,0.05396433804774401,-1.2715323624095702,0.04621843750544589
38.69,2.7015458436136193,-0.5874768450962577,-1.2575827109201734,0.055304329732175285,-1.2716121001424585,0.046993789219037234
38.7,2.7083348206452427,-0.5875886286544509,-1.2563320076791995,0.055266118743703775,-1.270860796856364,0.04794183988437012
38.71,2.714739564651527,-0.5872040517226661,-1.2561429164134204,0.05429676184418584,-1.2691104924636,0.04737235543457515
38.72,2.7190300262252967,-0.5895415234983803,-1.2548129183967585,0.05532414049243428,-1.2704692859190418,0.04665435575045299
38.730000000000004,2.723553099182791,-0.5887012403074858,-1.2534087735267516,0.05526101878012042,-1.2698019213747433,0.04608407136602931
38.74,2.7286744657438486,-0.5897019425940008,-1.2535225789678839,0.05573812442057924,-1.2694331984041782,0.04784706458323776
38.75,2.732820720001241,-0.5906963765021807,-1.2539205403343339,0.05499854790023288,-1.2690266968306618,0.04739115068166081
38.76,2.7377842532380785,-0.592387862387854,-1.2525108379198675,0.053618127315274634,-1.2696442859868777,0.04759091910551394
38.77,2.7412627418113447,-0.5941982724681821,-1.2504404669409805,0.054271537965005674,-1.2692858213774938,0.046650249192403515
38.78,2.744458499763262,-0.5935687038595606,-1.2503488447550906,0.056798946197045765,-1.2686233965525016,0.04664966806031106
38.79,2.7477247615986613,-0.5925753085762887,-1.2498823280519795,0.056078028037555135,-1.2701677802060252,0.0474963310842867
38.800000000000004,2.7500562543905005,-0.5954380969083918,-1.250028315542046,0.05540532103265926,-1.2691441407256276,0.04732851365681657
38.81,2.7528540632425145,-0.5947547592087297,-1.2494019472313083,0.05569142702195695,-1.267581841053723,0.04765321699445027
38.82,2.7554713156403574,-0.5976650733392299,-1.248780647461531,0.054615668579797716,-1.2683636699429792,0.0474971662051391
38.83,2.758875631657178,-0.594666927791641,-1.249696693936503,0.05430668175119493,-1.2678701774467902,0.047388941700945056
38.84,2.7586729157904197,-0.5966763113881504,-1.2480691763252616,0.05442059074104502,-1.268901928527326,0.04661885831556475
38.85,2.7613291814579397,-0.5964016217560848,-1.2486059783204477,0.055577266797059655,-1.2659663889486164,0.046349676653422656
38.86,2.7625305015752404,-0.5967210534624431,-1.2472203665294421,0.05592184504316347,-1.2662528767745826,0.047464096841035634
38.87,2.7627655307609116,-0.597495907547806,-1.2483719137183888,0.056794515479487495,-1.2669064185786356,0.04580229419316011
38.88,2.7668726819413765,-0.5969928393511271,-1.2479756949809422,0.05554189944879079,-1.2664611305536349,0.04547125617585129
38.89,2.7671132997331567,-0.5970569286365066,-1.2476150396052021,0.05619581525469337,-1.267524265082343,0.046509372720538504
38.9,2.766886755122433,-0.5975571050121462,-1.247961839709386,0.05431685745809246,-1.2674554403039664,0.04674738786866442
38.910000000000004,2.7672646389536886,-0.5982541667068506,-1.2466294977300787,0.055678870673615814,-1.2684496744537859,0.047616879364855244
38.92,2.769795607975574,-0.5964975260038077,-1.245953432080182,0.054795258541224155,-1.2667355517857262,0.047421330050799994
38.93,2.7683442390808612,-0.5982692292450011,-1.245468543065333,0.056725090107281315,-1.268341360257577,0.04721026299576637
38.94,2.7701259759007537,-0.6000934243712152,-1.2485702340856522,0.055823199440847786,-1.2672898211268406,0.04559424418079321
38.95,2.770286880677953,-0.5976836837707525,-1.247243387044597,0.05574535019057351,-1.2669224271435167,0.047582493432480194
38.96,2.768662409526296,-0.5994549075589176,-1.2473727304396416,0.0549452550100774,-1.2661307029342834,0.0477533587067323
38.97,2.769254452358098,-0.5988721822042781,-1.2460251445747008,0.05513454846246252,-1.2666614755191368,0.04840691340758873
38.980000000000004,2.771338256437512,-0.5985381309743981,-1.245911737224505,0.055243813154275054,-1.2652320393610081,0.04741013950247756
38.99,2.7712978665697405,-0.5990153535396145,-1.2465646146894014,0.05617420490580379,-1.2682107341051556,0.04636359516435273
39.0,2.7701215378530843,-0.5977354153890222,-1.248598222119857,0.05538335432140351,-1.2662569204974627,0.046124764263695585
39.01,2.771394234753338,-0.5996841850360987,-1.247799833444866,0.055571524762271216,-1.2657650985427704,0.04664148835930735
39.02,2.768787704676427,-0.5999234199965453,-1.2461867217810871,0.05451776607578665,-1.2663633053380399,0.04726090398079379
39.03,2.770271838042096,-0.5984405531013924,-1.247698934845379,0.05582031594880711,-1.2684411526004848,0.04837712939863753
39.04,2.7694035157924017,-0.5983170043948669,-1.2479029899855227,0.0552346912189495,-1.267726229992276,0.049801716920738134
39.050000000000004,2.7702873934111225,-0.5994169199930797,-1.2473879479566836,0.054386925490346134,-1.2675420575152643,0.0488153778516847
39.06,2.7705932498116232,-0.5979116339480811,-1.2477940756261092,0.055522550481929236,-1.2672220613830645,0.046567050386092886
39.07,2.770649071729306,-0.5981629373922313,-1.2465262757087436,0.055568154968287105,-1.26644800029782,0.04697518637436492
39.08,2.7699955964376946,-0.5974420199015084,-1.2479660103319197,0.05421387926365794,-1.2681573126010441,0.04753793233111491
39.09,2.7714201444725717,-0.5992764111369066,-1.2454162554941102,0.05572373416899765,-1.2675008185490975,0.04645828905022097
39.1,2.772002878628425,-0.598831151787528,-1.2481623788327094,0.05784472050970988,-1.267056458034782,0.04789711107641173
39.11,2.771767438121212,-0.5981637802402932,-1.2461492485438463,0.05574740756892543,-1.2667596977878033,0.04717019168353506
39.12,2.7702823633729983,-0.5985955274214337,-1.2473462865410145,0.05614015269503468,-1.2669620574678626,0.04791463954836988
39.13,2.770858161980229,-0.5969546331783833,-1.2460814072619466,0.05551913860656414,-1.2670046205255638,0.04843281167144035
39.14,2.769470992002301,-0.5969422424389424,-1.247676000431736,0.05648563848933429,-1.2673942400293001,0.047155553096277524
39.15,2.7691629940244114,-0.5979080567690737,-1.2481243046137558,0.05444094545433988,-1.2663879681991745,0.0487617254979352
39.160000000000004,2.769717718222964,-0.5978246220645046,-1.2463048996277155,0.05562013487215879,-1.2662342798606143,0.04705721271124411
39.17,2.770751633741366,-0.5997941206263337,-1.2480568227192674,0.05672018418697127,-1.2669189827101948,0.04707568292363891
39.18,2.7719649090187604,-0.5970442797288421,-1.2466167536217394,0.05442970127066615,-1.267497388489125,0.046473435288714705
39.19,2.770378115344249,-0.5995170734166936,-1.248043904048948,0.05372549745988801,-1.2672540404590684,0.045193950744439895
39.2,2.770020537305302,-0.5980940243250328,-1.2476301473628082,0.05475330853143225,-1.267459207639843,0.0464769052663937
39.21,2.7704620171019316,-0.5996013140883055,-1.2470911881530116,0.055397690890337865,-1.2674100545062914,0.04862693895424167
39.22,2.77047436788243,-0.5982597894587124,-1.2475452348228424,0.05589482797929503,-1.2676398112413718,0.04722587977767331
39.230000000000004,2.7708663118438923,-0.5991365363771102,-1.2473473601715444,0.05527552312455159,-1.2678413236434734,0.04735117625769805
39.24,2.769982365849269,-0.5973927864702177,-1.2446619894746502,0.05520437685810904,-1.2671434341057028,0.04810583249314047
39.25,2.77006809019418,-0.5995677699716772,-1.2454831576372325,0.056298785198173745,-1.2671218901150474,0.04846581958781077
39.26,2.7709721552445656,-0.5987418312102287,-1.2478522712092002,0.055269486837759424,-1.2663485934081207,0.047795232022852754
39.27,2.770137102644415,-0.5971583827905753,-1.2471372014550872,0.05656177199186694,-1.2672079797070948,0.048886819739472606
39.28,2.7709571561583255,-0.598659718253591,-1.2471560337255958,0.05568658496210993,-1.2680330285383208,0.04600732651763071
39.29,2.770569422453742,-0.5991655827339277,-1.2474679011457757,0.055622472268199906,-1.2673544264526628,0.04720643678439109
39.300000000000004,2.7718169488630586,-0.5981219648693669,-1.2451605839066655,0.05531690863306583,-1.2667160747180783,0.04686540943862862
39.31,2.769810320077069,-0.5968276608463661,-1.2476703358222223,0.053752444680752604,-1.2680178023191073,0.04544740698283997
39.32,2.7694698127600703,-0.5994493272874086,-1.2469692108518715,0.05391138952580931,-1.2663563347979165,0.04556308251729115
39.33,2.770188516376128,-0.5989828784368957,-1.2462797459368602,0.056006779380513044,-1.266364257986062,0.04688457249814055
39.34,2.769894431968971,-0.5983397719094136,-1.2461018519267264,0.05642000861415426,-1.2671191641197639,0.04740303633552509
39.35,2.770268331765351,-0.5983422684463274,-1.24522418469408,0.055488314790706796,-1.2677180776703914,0.046815106147694116
39.36,2.7706397918323407,-0.6005515720417177,-1.2471178635706524,0.05646850935508164,-1.267859222998914,0.04736293052594844
39.37,2.772140742443189,-0.598410624519121,-1.2489540938619885,0.05446964378655902,-1.2676190416585267,0.04649852956444306
39.38,2.7703902188666247,-0.5989570660743122,-1.245982410621916,0.054747633650810736,-1.267581077370742,0.04738959379654271
39.39,2.7705976959615537,-0.5985718882439286,-1.2491042330201718,0.05577268605010344,-1.2675315580084228,0.0479540780143462
39.4,2.770930910613935,-0.5984898235148906,-1.2467267127430093,0.05688017689149415,-1.2663961772779155,0.04744027249877829
39.410000000000004,2.7721722306475787,-0.5992482047106223,-1.248034494266565,0.05569054205477227,-1.2677262106435263,0.04504858384821766
39.42,2.769730690344441,-0.5984001653902568,-1.2470506387610472,0.055022409592562625,-1.2673630640163065,0.04730740099906926
39.43,2.770924020119753,-0.5992598149209072,-1.246237416090729,0.05474823445677153,-1.267839279230929,0.04868265126684661
39.44,2.769406498090873,-0.5992748829304961,-1.2480935456950266,0.05497807389100709,-1.2672792553664471,0.04781657446573497
39.45,2.770283735160184,-0.5989833453458352,-1.24808452480853,0.0550654589732775,-1.268749170752069,0.047842769529574475
39.46,2.771003431566424,-0.5987352971891432,-1.2466147613422525,0.056464657170906596,-1.267311678583883,0.0484161547463319
39.47,2.7694065723296357,-0.5990042721741577,-1.2474081820441425,0.05626482178925738,-1.2686515244067835,0.04846359621897101
39.480000000000004,2.77079024062965,-0.5971725799286679,-1.2470354050627548,0.05521975581477332,-1.2668265667599383,0.0480993376882838
39.49,2.7696765502044456,-0.6004432318091837,-1.248593717205189,0.05592810137855555,-1.2660559312038675,0.04606480411200183
39.5,2.770062315526954,-0.5990040795981774,-1.2453240196018398,0.05767108388460941,-1.2670295951535264,0.04798365315434485
39.51,2.7710593918799185,-0.5998172913437222,-1.2463904236739844,0.05481022550005862,-1.267549693250039,0.04819460820218258
39.52,2.7703706276504962,-0.5977378903555989,-1.2458661787543253,0.05416678611386373,-1.2693003996292462,0.04821411697746932
39.53,2.771349298377808,-0.598476078955131,-1.2466577269562695,0.05647933113544502,-1.2666369342744066,0.046934549398596974
39.54,2.771134136688132,-0.5990023548601936,-1.2467874615696817,0.05587455252133273,-1.268150002099568,0.04655162127775978
39.550000000000004,2.7722496277873936,-0.5994783171468769,-1.24667714963493,0.05620597023148469,-1.2674473126395545,0.04778598551330455
39.56,2.7705870920588467,-0.5994594377417614,-1.246531538536782,0.05522465397331755,-1.2658809795781405,0.04757448244954857
39.57,2.7696890007850183,-0.5984012960144207,-1.247807087753033,0.0559249546844325,-1.2675969584772078,0.046478418781086085
39.58,2.76956744918939,-0.5965751190062725,-1.2469202451886698,0.05532323650337053,-1.2679278910636025,0.04761116999097202
39.59,2.769742807096806,-0.5996552343786892,-1.2470282868975515,0.0556651203897643,-1.2677639316733018,0.04642220075630863
39.6,2.7699588129142096,-0.5991098359148845,-1.2475308978958861,0.05594129182863771,-1.2654572495898535,0.048362184354288504
39.61,2.7719946444273833,-0.5991954041238801,-1.2455385588155854,0.055898335565289996,-1.2665392354724012,0.047599422053367514
39.62,2.7700004428431493,-0.5980721198797533,-1.246576818259792,0.05415696618979661,-1.2675083188257217,0.0479613162731987
39.63,2.7705420960283216,-0.5982903092906777,-1.2476557409930809,0.05592358593301465,-1.2674840747887626,0.04702245355911716
39.64,2.7697072369432743,-0.597901631985429,-1.2466985217883573,0.05591340819255588,-1.2656103527695062,0.04761346777506472
39.65,2.7713476309929335,-0.598461821176114,-1.2473081934577146,0.05477572832532759,-1.2671893473742315,0.04487566689851182
39.660000000000004,2.7705377723788795,-0.598424762979337,-1.2471898635306964,0.05561939514418833,-1.2684918513795362,0.048409167264889336
39.67,2.77000569302052,-0.5995483109529747,-1.246524693555213,0.05579665293738175,-1.2677127060907216,0.04679505449662179
39.68,2.770295079312308,-0.5975255540094118,-1.2465902434573046,0.055669973110759725,-1.2666561111106565,0.04722402610747442
39.69,2.7706504204666103,-0.5985681161742881,-1.2464853194920935,0.055312411090326884,-1.2683942642139134,0.04799137430201795
39.7,2.771613297707617,-0.5996528459975925,-1.2468435384982366,0.0553082868641295,-1.2666291066641313,0.04741523900793781
39.71,2.7732037673583534,-0.5989630503397215,-1.2456584593577054,0.05712648434076885,-1.2669343483729651,0.047232361301035905
39.72,2.770382761503811,-0.5986910945865539,-1.2460110094303245,0.05493848117217913,-1.2675404850186576,0.04695374629674156
39.730000000000004,2.7687936111910916,-0.5979504553415088,-1.2460724278555713,0.055146540007875486,-1.2665010398449859,0.04581799792716348
39.74,2.7703209042475785,-0.5988101813011025,-1.2469234248062029,0.05577203425012592,-1.2674672315342215,0.04686160429379664
39.75,2.7702051361466924,-0.5975103650472282,-1.2475050275559798,0.05766815544910381,-1.2679542855495738,0.04740949118674797
39.76,2.770798471709456,-0.5989546050580278,-1.2457936605242144,0.056175787037030814,-1.267578811040556,0.04839665426031224
39.77,2.769413816245151,-0.5991934774640827,-1.2465090646844248,0.056399411398383656,-1.2671184592932525,0.04708900375975534
39.78,2.7700805736564895,-0.5977126664340808,-1.2467902160930708,0.054938828077902714,-1.2682114928979915,0.04852074415031596
39.79,2.769672762166693,-0.5984619972453447,-1.245821111741373,0.056173077856158424,-1.268061167728329,0.04631363969229897
39.800000000000004,2.771931785524813,-0.5996085875092233,-1.2474828184890783,0.05602507074847704,-1.2675910074799022,0.04770073950452546
39.81,2.7690191271871174,-0.5988836080996667,-1.2464086050027579,0.056294348382032046,-1.2678995597242668,0.046308389786053485
39.82,2.7704864998689565,-0.5998453397237787,-1.245879262480694,0.05583736506037502,-1.2680080828135543,0.04627977392370993
39.83,2.7697475538415115,-0.6000630419910084,-1.2465682238077485,0.05499938417997208,-1.2670512205915057,0.047669097132485676
39.84,2.7711429916130754,-0.5984802215109601,-1.2460180477683296,0.05690960954412294,-1.2671746647548177,0.04747796687434825
39.85,2.7698135123357375,-0.5995618651399389,-1.2458811789278317,0.056228611110266315,-1.2668006285785045,0.04668450862193906
39.86,2.771717138851599,-0.5988995032849257,-1.2476997380257613,0.055199374884091136,-1.266028876655426,0.046230428038983126
39.87,2.769644521955684,-0.5961705734495365,-1.246178789655781,0.05506028809481697,-1.268343740854797,0.045740296329360414
39.88,2.7703847480800916,-0.5980646823896608,-1.2456745985281916,0.05404718752649924,-1.2685566135532462,0.04709567243993986
39.89,2.7727327010466998,-0.5979269042240754,-1.2466746708248644,0.05463105251299804,-1.2692500361781576,0.04723390274634596
39.9,2.770213283761911,-0.5989337061497612,-1.2473319910042961,0.055046937918639426,-1.2682531537011486,0.04841257430306092
39.910000000000004,2.769526358115686,-0.598940984642425,-1.2470341020805096,0.056316345864419234,-1.2681433622061133,0.04805352536418232
39.92,2.7697941456713924,-0.5988412819326592,-1.2455661259872688,0.054854189260242665,-1.2667708919587384,0.04807668836744787
39.93,2.7705704368496895,-0.5988025649909854,-1.2451449732832445,0.055687917614057246,-1.2672219087847596,0.046906324988736134
39.94,2.7704318437925655,-0.597858648344695,-1.2472402492323613,0.053859960053617664,-1.266951825468489,0.046258975678249915
39.95,2.7709474093277584,-0.5987011560465169,-1.2461769820470843,0.054872413940453786,-1.26786706861167,0.04690326258855095
39.96,2.769006464756031,-0.5977301028992357,-1.2484184490811756,0.05665758677803452,-1.2670296424603347,0.04702645551379797
39.97,2.770601170654774,-0.5984227253987724,-1.2473494392736961,0.05596018479623942,-1.2667619221740845,0.0463756088250747
39.980000000000004,2.7706021120886057,-0.6009919010078636,-1.2486838935749707,0.056192642439245925,-1.267764624790338,0.046455234696389236
39.99,2.7702537265449503,-0.5990455330028138,-1.2478627230541364,0.0542696599070102,-1.2691175414031013,0.04784471798057234
40.0,2.7699312995860534,-0.5978539086105692,-1.247377558494081,0.05600976972084159,-1.2675094360198085,0.04723878708801662
40.01,2.770378289804706,-0.5990883937343098,-1.2480734832839333,0.05636851962392501,-1.2660095418987722,0.048647933384489965
40.02,2.769794154157423,-0.5993353754750566,-1.2474871651709372,0.05554610471692187,-1.2674471608966988,0.04632910176268296
40.03,2.7689315573352102,-0.5986415560861353,-1.2500924609438604,0.055610659073670826,-1.2682290704432488,0.04788067467842534
40.04,2.7710327912562907,-0.5977302020316022,-1.2473296150868896,0.05470586830174703,-1.2681217403494587,0.04745066166863129
40.050000000000004,2.7685120221996966,-0.5974161363278433,-1.2473414120334327,0.056129638431342915,-1.2689756654888327,0.046391296355092745
40.06,2.7680338902390056,-0.5976926427439998,-1.247230490533106,0.05618681881462076,-1.2673808063342065,0.04760773802535143
40.07,2.769055161689281,-0.5986945143230967,-1.2472229559852739,0.056035482109530306,-1.2670798640010121,0.04965173398272065
40.08,2.7703597383101264,-0.5999810225048676,-1.2473365614499736,0.05531838830316091,-1.2663672456501764,0.04692192862182724
40.09,2.7687162266769216,-0.6003562491672157,-1.2486199388854868,0.05748715667000224,-1.2674753572669335,0.046325105696312534
40.1,2.767804711818001,-0.5990973477977676,-1.247654371003456,0.054379657021832846,-1.268250542419042,0.046831813573604684
40.11,2.7677026112976715,-0.5976061520110647,-1.246980405542419,0.05560791465343537,-1.2668962130967276,0.046431286690126014
40.12,2.765054900573997,-0.5974569020638274,-1.2479361504111162,0.05559827013311684,-1.2678192692614743,0.048285566721709285
40.13,2.7656293164045254,-0.5981269849623695,-1.249409412233024,0.05496601374031061,-1.268530957267701,0.04791539845479843
40.14,2.763903631400381,-0.5982125796026361,-1.2487410264842373,0.05426918233659486,-1.267714231397448,0.047147867299026654
40.15,2.762203052164432,-0.5965733972453868,-1.2477885676380278,0.05418334312642915,-1.2684731214612408,0.0480122839201472
40.160000000000004,2.75925175402693,-0.5980821417008092,-1.2478855252466718,0.05499034189262448,-1.267106663323466,0.04716492402916505
40.17,2.757470424781231,-0.5950850492609701,-1.2500295608034055,0.05670658282537935,-1.2687123626591517,0.047319078009062134
40.18,2.75562656668114,-0.5962166201193252,-1.249894028494754,0.05508874104508128,-1.2691737862089427,0.0488855002772194
40.19,2.75258559331724,-0.5943563804941077,-1.2487041662389289,0.05568008794951318,-1.268554920582642,0.04733803320968619
40.2,2.7507894563159474,-0.5947569007284088,-1.2513760864219516,0.05372374403525817,-1.2672824153560334,0.044864826377040944
40.21,2.747493170479573,-0.5944778197906905,-1.2503147675110342,0.054257946028008666,-1.2684710985705232,0.0473384990708999
40.22,2.746503817833254,-0.593537370549079,-1.2497639268456435,0.053882073158247834,-1.2680803872328565,0.04735037668877798
40.230000000000004,2.740834028009123,-0.5927297924689413,-1.2499770706406816,0.055344501189610595,-1.2698643752548697,0.0466091277886855
40.24,2.7375412194889046,-0.5918602892502217,-1.2533686832946715,0.05549759980114066,-1.2703505996659237,0.047522312894267685
40.25,2.732073291017506,-0.5917157075120897,-1.2531177995710103,0.056295124433171716,-1.2692982413610023,0.04823310927290494
40.26,2.7309633459187976,-0.5905931095734702,-1.25198414826452,0.05427476730928388,-1.2688139107381065,0.04642009936530877
40.27,2.7237878206873107,-0.5892727899632765,-1.2533856911831514,0.05368446996244006,-1.270943282984553,0.04765005061725529
40.28,2.71855121857345,-0.5900104840161131,-1.2547950423670737,0.054595164379904165,-1.270327853799443,0.047569448942926716
40.29,2.7140427589234504,-0.5884526278554155,-1.255878901718064,0.0554067249756043,-1.2712700526799374,0.046753408822787085
40.300000000000004,2.706779358585677,-0.586739039931714,-1.2560527687415024,0.05276521663686402,-1.2720622933364765,0.04584753862243587
40.31,2.702922812136754,-0.5872543025511223,-1.2573034795925082,0.05500160496607868,-1.271315461653413,0.046693769981249585
40.32,2.6963631069906056,-0.583490931064312,-1.2582571079242773,0.052301135752190545,-1.2708478144507576,0.047415910073988085
40.33,2.689537375866111,-0.5848727224868914,-1.2594000891447925,0.05336456715987292,-1.2733000416851723,0.04693586988576672
40.34,2.6822803614643984,-0.5822410632001115,-1.2595195523497174,0.054218882494972497,-1.2730796906222113,0.04649956411503945
40.35,2.675206474109477,-0.5806701526546411,-1.2607296468513978,0.052946981656353045,-1.2718027473126692,0.047540167092649764
40.36,2.6657404272397573,-0.5789397324459384,-1.2614549162375468,0.054050525889568046,-1.2738832338154757,0.04696311653360463
40.37,2.660480440190571,-0.5768388036592427,-1.2647716389376786,0.05303142024829832,-1.2725612420243095,0.047031157879043356
40.38,2.653520240173397,-0.5733369883345418,-1.2651898009247613,0.05235617342286099,-1.2747106233253538,0.04794683652944053
40.39,2.6447955554754228,-0.5723272898795866,-1.2660665273159708,0.05366199618840071,-1.2756078236005572,0.04478480475047461
40.4,2.6348716044934384,-0.5736196725243327,-1.2667974449268349,0.05142281460157815,-1.2761597816605654,0.04719033017213212
40.410000000000004,2.626086360316728,-0.5708922457582106,-1.2671043975318235,0.054256257376843815,-1.2766598578153607,0.04834478029936125
40.42,2.6178172960096786,-0.5691320301246635,-1.2701201194766774,0.05265781896251075,-1.2771938204648947,0.04644708421395231
40.43,2.6076115159975206,-0.5667502772329828,-1.2721198695881526,0.051702871082471215,-1.2778810308677389,0.04676263596843397
40.44,2.5971004888002613,-0.5659255882603629,-1.2723765894544161,0.05248514023351147,-1.2777035193555635,0.0477825541393311
40.45,2.5865460484764196,-0.5643788471283017,-1.2756873420913113,0.05190872199044507,-1.2781464384044463,0.04805934117334155
40.46,2.5750370811300405,-0.5595797771343404,-1.2769865037367267,0.051429091785819156,-1.2793729056860672,0.046135900692628865
40.47,2.56482698273681,-0.5613324188949984,-1.2784881305596165,0.05268289571920729,-1.2800478568173,0.047765275840426426
40.480000000000004,2.5542338959350084,-0.5566295222122978,-1.2787577002149333,0.053568167307147654,-1.2801135991968156,0.04676640202407355
40.49,2.5412718953100337,-0.5533865576745133,-1.2815907697515398,0.0508045411094203,-1.2796748923381494,0.04655093119897875
40.5,2.529363599871035,-0.5518471675293436,-1.2817914143214821,0.050249106719951475,-1.2826451595567707,0.047510914431272644
40.51,2.5148442940354485,-0.5495680324442064,-1.2839127717853875,0.04918934588831296,-1.2823002431696173,0.04780023863783721
40.52,2.5029905372146017,-0.548009212627835,-1.2874205313175677,0.04976567307934532,-1.2833590218899917,0.04647829065814386
40.53,2.489423884354934,-0.5442613537420309,-1.287789362531956,0.05052770858122775,-1.2830344088597403,0.04807393518323784
40.54,2.475897520998064,-0.5418344140387327,-1.2915625395382493,0.04868616270977356,-1.2847033595819752,0.045753788831432676
40.550000000000004,2.463051877055614,-0.5407769122811455,-1.2931145857217357,0.04834064773942527,-1.2852516550498223,0.04630391459005004
40.56,2.4481070289789137,-0.5357203605769855,-1.2956638319217766,0.04953376129812889,-1.2868577850320517,0.04706466256849988
40.57,2.435038794197212,-0.533198536297677,-1.2979566241955705,0.05021171628610577,-1.2883475138033738,0.04594805833863857
40.58,2.4193041015172434,-0.53017940972912,-1.3007828953499085,0.04964821013452721,-1.2884774218229635,0.046191057031377276
40.59,2.4053574130719313,-0.5289001065559599,-1.3000250761869225,0.048423812343644304,-1.2891988562497168,0.04788901967963411
40.6,2.3892377196071584,-0.5242112841848557,-1.3060270723035274,0.047893621219471716,-1.2899012924656326,0.04745878036690664
40.61,2.374146154601317,-0.5216511955539238,-1.3057438738058058,0.04839055880545442,-1.2930533306319336,0.047745577542638
40.62,2.3568438848003432,-0.518903983544006,-1.308902651768692,0.047707851141695005,-1.2931011661982363,0.044766621737472395
40.63,2.3405155720216735,-0.5153382611600418,-1.3127566641475514,0.046583336812351085,-1.2927411433786686,0.04553277454198006
40.64,2.324451917548675,-0.5128155701135999,-1.3137233277885665,0.046117178165998286,-1.2939697330163349,0.04674785614509499
40.65,2.307075581722129,-0.5094742488690276,-1.3171123489162588,0.04681337380691821,-1.2944649558193837,0.0462158992103506
40.660000000000004,2.291975395956279,-0.5056945107658883,-1.3182522934481524,0.04672595938099598,-1.2951547279938251,0.04667521408866847
40.67,2.2724513881311523,-0.503747944937329,-1.3218260270570243,0.04596187497488501,-1.2968383063164715,0.04560392393086451
40.68,2.2581295717849534,-0.4997685869205613,-1.3242842841892717,0.045111447106084654,-1.2990767161065968,0.0461664061024133
40.69,2.238619207230755,-0.49632894481106155,-1.3255069427721922,0.04524045447906687,-1.2993417941746062,0.046956157694444035
40.7,2.2204187859023716,-0.49230905137329933,-1.3307782124107208,0.04389051057940642,-1.300240713246,0.04601016415131256
40.71,2.2015956673522434,-0.4891538774554047,-1.332226240390643,0.04402474699367716,-1.3018947288520433,0.046368502728088117
40.72,2.1829113993846074,-0.4862229716741164,-1.3347244566086576,0.04426337173500151,-1.3029671505559055,0.04535815466698102
40.730000000000004,2.164192855888452,-0.482202890367574,-1.3362382483693738,0.044413435587475306,-1.3048361308784555,0.04672974963364859
40.74,2.145469971212221,-0.47844193308105903,-1.341368674625477,0.045316130371160585,-1.3057981084670374,0.04635222698056857
40.75,2.1263768445024263,-0.47410178407355963,-1.3434793563471017,0.044272861577076134,-1.3053298974896328,0.04543890594367188
40.76,2.110157004641579,-0.4705310876204891,-1.3471275245348246,0.04298054094365054,-1.306566540991109,0.046526649828893214
40.77,2.088483984087975,-0.4664034296292491,-1.34883070866002,0.041680788431155476,-1.306449778722727,0.04769237223794407
40.78,2.068998129421299,-0.46340734116569093,-1.3525096222111657,0.041753431457805294,-1.3096428347899158,0.04403037544495657
40.79,2.0496990919306453,-0.4585724965911443,-1.357019231911979,0.0424245980320372,-1.3106747326550876,0.04572918597323166
40.800000000000004,2.028682341350738,-0.45724589273077376,-1.358589976763368,0.04132584041142438,-1.3118031390344256,0.04467339237561435
40.81,2.0083625361720694,-0.45089273909888933,-1.3612741162627648,0.04066174292666782,-1.3107421436729019,0.04502347140832125
40.82,1.9882072313552923,-0.44766695304437715,-1.3629470647382842,0.040801392421159675,-1.3137892189240201,0.04623491112405719
40.83,1.9660157786984838,-0.44466972242824543,-1.3680402200469182,0.0408985344963548,-1.3153446119973518,0.045576179966164955
40.84,1.9473991733123064,-0.44164582755010334,-1.3720487456180477,0.03748072023997657,-1.3157364516870649,0.045634921090582
40.85,1.9261706570599044,-0.43598919630420724,-1.3731638568632196,0.0391424965167085,-1.317684250953822,0.04591178432768527
40.86,1.904619294031748,-0.43037689534750406,-1.3786324807140078,0.03878462559542292,-1.3191279572653671,0.04568622772267928
40.87,1.8828542364150118,-0.4282438080557355,-1.3790559542175367,0.038371436279550294,-1.3184392022719957,0.04606714400773222
40.88,1.861713526140579,-0.4232033661126284,-1.3834891681789614,0.039190937573172026,-1.3228584343105598,0.04399615230295217
40.89,1.8409424832238344,-0.41884490132736607,-1.386543405563492,0.03819131988468179,-1.3226597799633637,0.04423775092498275
40.9,1.8194388109409414,-0.4142952365947048,-1.3898660084921204,0.0360441186342279,-1.3246942701095985,0.04597699477830661
40.910000000000004,1.799239502146829,-0.413005019190055,-1.3929367160255712,0.03595487737991961,-1.3252496649715235,0.04596544557087468
40.92,1.7758699448928341,-0.4065849744441116,-1.3955050173692993,0.03620435204943676,-1.3281541383870041,0.04665770555321752
40.93,1.7551277863400419,-0.40246911713953964,-1.4003610366962953,0.036786152804656955,-1.3265035746774845,0.04526886271457513
40.94,1.7327572252586074,-0.3997038158717446,-1.403653445102972,0.0345655004422242,-1.3294741038792954,0.04503829787503266
40.95,1.711217841565296,-0.39535566920132664,-1.4064470985156325,0.03424714314531438,-1.3307300625228167,0.04387207544637484
40.96,1.689198817909077,-0.39061523070217097,-1.409424882292222,0.03321255619513376,-1.3316305041013508,0.04499662972600551
40.97,1.6673950302372433,-0.3877918492077654,-1.4139544818306966,0.033888446159721614,-1.3323117007352372,0.04567818519821302
40.980000000000004,1.6454316507569728,-0.382749359310182,-1.4171265305775969,0.03404432472605388,-1.3342123586515977,0.04536109330861979
40.99,1.6249054091454425,-0.37831777871290945,-1.4192983773786287,0.03189896037599593,-1.335952478099512,0.046421642400761694
41.0,1.600591112040483,-0.3727651015928933,-1.421492455588691,0.03234811205930622,-1.3370425182465042,0.04647848874579665
41.01,1.5797875884774666,-0.3685912431424859,-1.4275931556733643,0.03304456586045203,-1.3383119748607444,0.04390328926838665
41.02,1.5568401510932781,-0.36453016072294187,-1.4296030336816667,0.03306745177104166,-1.3398050141834636,0.04507053777334205
41.03,1.5356456915074785,-0.36058468510466385,-1.4319293168604594,0.03213695272055405,-1.3417570936452603,0.046063558727765824
41.04,1.5145074056155832,-0.3562918273623509,-1.4358371758657682,0.03168194469244352,-1.344296590106802,0.04515324998703755
41.050000000000004,1.4935388176540383,-0.3522306865096961,-1.4391262744550959,0.03030073236691155,-1.3435762647287757,0.044733218344184866
41.06,1.4714678147828333,-0.34897938868663264,-1.4428691842649997,0.029872395841300466,-1.3437107596522677,0.0446987146075219
41.07,1.448117098535035,-0.34586330047200575,-1.4465372675490367,0.03043446874072335,-1.3461569048842834,0.04425699202615151
41.08,1.4264067879456879,-0.3382408075842252,-1.446647200724563,0.030555397912137634,-1.346552025677769,0.046332201584241485
41.09,1.4072600591356643,-0.33596569659457404,-1.4530144828655467,0.030731639737193686,-1.3500487648303607,0.043849914549025516
41.1,1.3829290351843664,-0.33167032043595274,-1.4572157911901984,0.027462103288376,-1.3510401682382644,0.0436652254082903
41.11,1.3632996613430124,-0.32742001477401433,-1.4582035482454208,0.028703522464921583,-1.3519621334343928,0.04553266362013169
41.12,1.3414282751585644,-0.32359218726902267,-1.463385258527561,0.02833453787647771,-1.3541612904912137,0.04496387603604678
41.13,1.3198673864823542,-0.3204099659958221,-1.4648833621582555,0.02763380563303419,-1.3541631642394056,0.04472214189552472
41.14,1.2981060950816306,-0.3146366177125735,-1.4688851899828361,0.026117941190827002,-1.3550105373271446,0.04537310050645867
41.15,1.2782015992319242,-0.3112869612044122,-1.4731357500565019,0.02793990981952394,-1.358564178222657,0.04502960962091802
41.160000000000004,1.258639825966377,-0.30695373469378506,-1.4743279219952587,0.026571605408227204,-1.3579361648507313,0.04653196666146682
41.17,1.235324860526826,-0.30393389228439444,-1.477986144153537,0.027356101772660995,-1.3598553925345778,0.04481891587422749
41.18,1.2164023635026497,-0.29844095914890034,-1.4799084239059146,0.026673537006885524,-1.3603171912492813,0.04400755979060365
41.19,1.195155944298906,-0.29547827780579555,-1.4816699507604205,0.024573422271708095,-1.3613896056510821,0.043059932565461166
41.2,1.174863649913353,-0.2915255213786211,-1.4863301932654713,0.02525591505014876,-1.361790091558138,0.045500497442729805
41.21,1.1545784528872842,-0.2882241136468985,-1.4906657397939067,0.02451625166145471,-1.364094305250688,0.044522196913925116
41.22,1.1342338724740957,-0.28230466331229537,-1.4942267672329166,0.023348752730790172,-1.3663667507191721,0.044078931641067395
41.230000000000004,1.1160367164957394,-0.28000426823563435,-1.4958231135293152,0.02405923180125158,-1.366903215755191,0.04455971214051744
41.24,1.0956066878644655,-0.2769710289273656,-1.4992582102889318,0.023408261207819518,-1.3666640291933934,0.045308771477108496
41.25,1.0778537550619451,-0.27182982550943635,-1.5021252418760485,0.02266613320089163,-1.3690427050462828,0.043799928948296145
41.26,1.0572019668715,-0.2681875063614129,-1.50566949984078,0.023298663708862643,-1.3716945009206323,0.04392729921140072
41.27,1.0389259171890994,-0.26438203896808316,-1.5078054151330347,0.023698429036235657,-1.371611049175877,0.042340381104904554
41.28,1.019592631481361,-0.2628561923089314,-1.5110351728007088,0.022159279531950436,-1.3727514616680894,0.044560446062453615
41.29,0.9996876930189573,-0.25699062169739667,-1.514566914541256,0.022406474272496573,-1.3738728324847889,0.04535671875101926
41.300000000000004,0.9816984456576935,-0.25254061192529503,-1.5166736816654058,0.019334691008605423,-1.3745151558581665,0.04506456995828731
41.31,0.9650949284732828,-0.24973200943215412,-1.5178413488804625,0.019833501047520085,-1.3749643683504258,0.044036334735668245
41.32,0.946003999828333,-0.24716430885412363,-1.5212715782143098,0.021438900453995515,-1.3771482105859407,0.04343326975345605
41.33,0.928483975496999,-0.24228795454578192,-1.5244191792201136,0.0209937134064424,-1.3786495631100733,0.04433399040111691
41.34,0.9120507920322505,-0.23953905681997872,-1.5255056856413964,0.01959728294829597,-1.379253358844511,0.045278891501406605
41.35,0.8942574997090553,-0.23931722758548998,-1.5306348922489172,0.017785355679703893,-1.3792841962827307,0.0457627733187157
41.36,0.8762939819892567,-0.23479593510811902,-1.531452330229287,0.020217654051772904,-1.38149487628654,0.04431578039476688
41.37,0.861391443324262,-0.2286655320518337,-1.5338796163830535,0.01885887013437272,-1.3817205140266997,0.043408745989883854
41.38,0.846254032891686,-0.2288337693525259,-1.5381864335485158,0.018102380461463306,-1.3820523227726715,0.04323472577848273
41.39,0.8296882760589441,-0.22582411363821284,-1.5379028298687956,0.01849287251844878,-1.3836997340490231,0.04386022673657372
41.4,0.8126996841640597,-0.22292836348790568,-1.5412838376002018,0.018068458196463463,-1.3841599786982022,0.04336821731914924
41.410000000000004,0.7992510690346839,-0.2175604813756636,-1.543557672005218,0.017592271353269955,-1.3857517691424122,0.04354719590129415
41.42,0.783732344087915,-0.21442070605197805,-1.5449395250834674,0.017749865807967717,-1.3868663193787358,0.04284663338517973
41.43,0.7692112807432036,-0.21198686165960934,-1.5464466669022594,0.014603046519088315,-1.3852172770918059,0.043967893719352016
41.44,0.7552587372783833,-0.21181496616380216,-1.5503235303322365,0.0171810461160517,-1.3892407011194228,0.04105759368592391
41.45,0.740663540934033,-0.2076242910535042,-1.5509783908456012,0.016049073933911393,-1.389135963428992,0.044161635014679436
41.46,0.72749245548631,-0.20554422635359276,-1.553484066581919,0.01546510668115239,-1.389871762673443,0.04411339444237719
41.47,0.7138657319346385,-0.20205407375713827,-1.557275561534594,0.014026263977048935,-1.3908570442699308,0.044351455393661414
41.480000000000004,0.700379289132065,-0.19958861484637488,-1.5583147692288715,0.015672322609428163,-1.3923481343785837,0.04416109271624417
41.49,0.6879078405453456,-0.19764021766416262,-1.5598546251498804,0.013655122244366744,-1.3920917026599644,0.043341034993090805
41.5,0.6757770130137177,-0.1950967860074059,-1.5613562050198133,0.014568598524328551,-1.3949924601625765,0.04323794805595136
41.51,0.6626873573451179,-0.19244838770156272,-1.563798283846753,0.014231260978148625,-1.394008903122533,0.042429992706608674
41.52,0.6489415781410818,-0.19039323195612795,-1.5663725245676807,0.015385262746886126,-1.396339650444138,0.043645616743993386
41.53,0.6410361354323684,-0.18824427817439,-1.5674537143950806,0.014591161902096634,-1.3946844161897436,0.04301450432784945
41.54,0.6271397965630454,-0.18536386102164523,-1.5707952846633297,0.014728038554561063,-1.3961357613348921,0.043353626059197604
41.550000000000004,0.6167312414473614,-0.18259814530362273,-1.570541335435621,0.013510217720322062,-1.396748264584639,0.043202184239954984
41.56,0.6087881271606104,-0.18297435057012845,-1.5713915336377489,0.014082502341485333,-1.3957280882870553,0.043861586212193035
41.57,0.5965427449131474,-0.1789778980495982,-1.573663240900499,0.014047868323465235,-1.396434188655496,0.04337511228386431
41.58,0.586350169097269,-0.17853792693396758,-1.5749470881478078,0.012431571626144612,-1.398574310103266,0.042432367872962506
41.59,0.5776821965414807,-0.1768055325291681,-1.5778889226913386,0.01204402360090722,-1.399335699191333,0.042840553051965054
41.6,0.5683132258288883,-0.17452821092677992,-1.5778179628696627,0.013228593610198852,-1.3987392002708081,0.041578372979212845
41.61,0.5583018971653959,-0.1722058057234973,-1.5792810994864475,0.013516448298747341,-1.4012607221620133,0.0428127875785632
41.62,0.5505544656870611,-0.17091223590801075,-1.580708271530269,0.012908349264907743,-1.400521150389206,0.044409804858115014
41.63,0.544151031832527,-0.17046515284657326,-1.5819238973212768,0.01303698301256184,-1.400398033782149,0.042841683293342515
41.64,0.5350926914238451,-0.16936761435422248,-1.5831535741489966,0.010914328620268508,-1.4009333062812583,0.04220971380595355
41.65,0.5275388601907356,-0.16626723247134012,-1.584194469480488,0.011491730089268716,-1.4020081053034499,0.04420082220389533
41.660000000000004,0.5198813784634574,-0.16515047409941677,-1.585820891777503,0.012794636904275718,-1.4021848074712837,0.042490612717272516
41.67,0.5134399775212616,-0.1640658179680914,-1.585144977073846,0.011732437624438787,-1.4038680382444775,0.043580195109619725
41.68,0.5084978990365978,-0.16155961977117,-1.5882992921104433,0.011410513379237661,-1.4030773758649395,0.04311719979880146
41.69,0.5010976069099473,-0.16171482353484426,-1.5890642181996706,0.012355450427567978,-1.4044011294123715,0.042422314924972636
41.7,0.4939219990695227,-0.1597517323639849,-1.5890530121920903,0.012181842668356653,-1.4044568868314327,0.04201830965185312
41.71,0.48897622188438294,-0.1593769885573011,-1.5897971428027173,0.0098347597319843,-1.4036861940491474,0.042321437799507144
41.72,0.4835629114532648,-0.15718467780873704,-1.5926720951770157,0.011482449506120963,-1.4041396155538077,0.04237787655088444
41.730000000000004,0.4788060242202724,-0.15619313154618938,-1.589795503839756,0.012034167835135981,-1.4030676028847373,0.04248023932157133
41.74,0.4731843201991792,-0.156411965989331,-1.5915027463706422,0.009396267666227288,-1.40579948764534,0.042363649774475994
41.75,0.4705348908765649,-0.15533129609915583,-1.5935340908845448,0.011087292068848563,-1.4062501113106667,0.042695293583976605
41.76,0.4650681219297578,-0.15488033943748358,-1.5941654655908952,0.011453975772285973,-1.4055167747523594,0.04286226899795816
41.77,0.46394434298987214,-0.1536882652604873,-1.5943551434429306,0.010268714265213115,-1.4067506678703126,0.04299587033637659
41.78,0.45917406290746965,-0.15501980867175377,-1.595749816243537,0.01025969221972834,-1.4068877551316525,0.0430848332963844
41.79,0.45583655467622736,-0.1528339705239388,-1.5945647893487556,0.010136813068158149,-1.4061629371385085,0.04216572790931054
41.800000000000004,0.4529582335504161,-0.15208918163788243,-1.596537079087436,0.010454165168329593,-1.406333749810889,0.04328118114742433
41.81,0.45027215147172933,-0.1522616006912376,-1.5952330505755312,0.010993080183746822,-1.407095796687969,0.04203388206400571
41.82,0.446957755712312,-0.15244036734757893,-1.5960895203658356,0.011521379090316237,-1.405371053797082,0.04207600365264035
41.83,0.44597427186293015,-0.150651601342878,-1.5986980730613125,0.010154940030529518,-1.4071327672159835,0.04407925437070519
41.84,0.4425181984552382,-0.1498468111263645,-1.5970028230306006,0.009144192993284056,-1.4073478835476942,0.04435560669061499
41.85,0.4413342921862088,-0.14920225572070753,-1.5964362448427523,0.00997982223416296,-1.4080934485103889,0.04201063408006307
41.86,0.4411664726626622,-0.14955478649185966,-1.5989304474975115,0.011067904858172136,-1.4086278231118003,0.042292006319589105
41.87,0.43858093618042454,-0.14721996717316535,-1.5969142682165303,0.009892123625433954,-1.4071270792386001,0.0438130365994811
41.88,0.4385465026634756,-0.14940351385506154,-1.5979982309062488,0.009565293116110537,-1.4066435053381952,0.04390360458086715
41.89,0.4345835616021983,-0.14933517002487967,-1.599021308537322,0.010401283883198121,-1.4083660274815581,0.04185438354724712
41.9,0.43638768853290205,-0.14896612764419526,-1.598145197051044,0.0106294110273889,-1.4064905473211249,0.04263957296731568
41.910000000000004,0.43434309206728267,-0.14902536443560724,-1.5972571324448421,0.01017925445722817,-1.4076348274235846,0.04334469504925364
41.92,0.43570580714279505,-0.1485064130934547,-1.5985234586999502,0.011922986830215037,-1.4062551589097743,0.044036484171647676
41.93,0.43321343311669647,-0.14900656120148356,-1.599957697361747,0.011060547121967005,-1.4073758488491177,0.0414301363885037
41.94,0.43435190087025644,-0.1487105955526288,-1.5985961349040194,0.008891424023187417,-1.4070343306203315,0.04343896053424113
41.95,0.43300981305371566,-0.14873274377827797,-1.59615509170016,0.009156708984209953,-1.4081084946074287,0.043618702487958835
41.96,0.43199617679399716,-0.14928459936952138,-1.5974852805548048,0.010731661083902153,-1.4070666354633679,0.04315899811452236
41.97,0.4321731117509024,-0.14853535816392077,-1.5985574079878773,0.010939964358085967,-1.407123746716439,0.04219044240892045
41.980000000000004,0.4334120323354574,-0.1497692095645409,-1.5987761583270614,0.009203822982441653,-1.4082465837877498,0.04468130506629667
41.99,0.4314194948248826,-0.14901544046043777,-1.5980541543428457,0.00978990166660016,-1.407364076456869,0.04424752260625544
42.0,0.43327127057457515,-0.14870900250772423,-1.5986166922594798,0.010663041095081576,-1.4069458668932016,0.04301811018196879
42.01,0.4330146907181663,-0.14798445979489896,-1.598580482851258,0.009671830550574656,-1.4068519630901852,0.043254639577347646
42.02,0.4308840026146235,-0.1490206774449227,-1.5989194651110008,0.01002447977978795,-1.4064493598569028,0.045794556537114874
42.03,0.43055427391099277,-0.14803435533801984,-1.598439274654383,0.010042492946071672,-1.4070261958647075,0.043130715335276376
42.04,0.4323845893548265,-0.14827448096167978,-1.5980143039596784,0.010602709648456068,-1.40733538725782,0.04249084589413815
42.050000000000004,0.4351601662698221,-0.1479862654507509,-1.5978346253128801,0.009756858762393565,-1.4073345657430845,0.04315848294441921
42.06,0.43103150905296755,-0.1489254044943944,-1.5991415335991264,0.009676002620593744,-1.4084336107687625,0.04303827161151628
42.07,0.43391942543218154,-0.1481861271276497,-1.5995308529404004,0.009300366630875889,-1.4078290392001067,0.04176465027041063
42.08,0.43296568892730686,-0.1471191984808778,-1.5990025712344145,0.010266439367284969,-1.4078743388180741,0.04245054604664811
42.09,0.43286543632841157,-0.14887884324355868,-1.5992054624785281,0.00878690169180813,-1.4074436361383966,0.04393114135458186
42.1,0.4333172433594178,-0.14699799019803197,-1.599088625777031,0.010942471255827046,-1.4084622284816462,0.04361894493080939
42.11,0.43413482407688947,-0.14786508009198274,-1.5970497957868222,0.009677507764826485,-1.4076171387025833,0.04220091523061949
42.12,0.43273035987009084,-0.14806466519634615,-1.598477280121805,0.009786235712878594,-1.4079282302857876,0.04330121816555839
42.13,0.43256099593049974,-0.14930513773872808,-1.6001556944177189,0.009680338262266849,-1.4087062570301543,0.042270827628465533
42.14,0.4323305964814587,-0.14842749558006899,-1.5990811997302194,0.012112183695538329,-1.4086005200071587,0.04405523693735967
42.15,0.4325581326486223,-0.14887380002238249,-1.597987243200647,0.009804789781099903,-1.4082042095362846,0.0445619037889518
42.160000000000004,0.43078497234445756,-0.1485136927253398,-1.598334131220389,0.011428731457311,-1.407847696550454,0.045322173872970356
42.17,0.43336245635175874,-0.15036585269532282,-1.599768577494993,0.010406763921186963,-1.4084982116196672,0.04347807469354407
42.18,0.4323040460683834,-0.14934372993442352,-1.5993417630252542,0.010943434867558766,-1.409265359997804,0.043912174364367354
42.19,0.433637710318229,-0.14858920699448627,-1.599725607413649,0.010685083032138644,-1.407924428571624,0.04167781039579789
42.2,0.43436603914299665,-0.14907179619811278,-1.5997846940029796,0.01044875376705756,-1.4075592080576094,0.04429694401740711
42.21,0.4323679334164609,-0.14862284779074975,-1.5982074581801269,0.010374112232102389,-1.407299254223558,0.043237322451536164
42.22,0.432843654817418,-0.14866344995142855,-1.5977733517164394,0.009885930267597305,-1.406798071948372,0.044211050883740645
42.230000000000004,0.4321087340524076,-0.14620169237673072,-1.5991218720743758,0.009584432688894019,-1.4070287691029926,0.043385335890485544
42.24,0.4327626706069106,-0.1475859412203386,-1.5982795386984432,0.012002699967655104,-1.4075464479393818,0.04225431364330149
42.25,0.432218542812795,-0.14788869188469464,-1.5980759271531122,0.010380184329170901,-1.4082413317170044,0.04396747799695343
42.26,0.43439034322697884,-0.14827449609539858,-1.5969199491144626,0.010955950965152873,-1.4055638301865323,0.043412459778525765
42.27,0.4328192086720294,-0.14756486624308227,-1.5988783742912864,0.010555276943013475,-1.406338730829802,0.043715157785340644
42.28,0.4326729843468971,-0.14812510440053225,-1.5978388022750185,0.010832198929787195,-1.4068454453456234,0.0432962156273152
42.29,0.43198044906060695,-0.14888045537512426,-1.5980975560776967,0.010925585223357698,-1.4068874450875961,0.04241076225675846
42.300000000000004,0.4325680815844838,-0.14932475145147306,-1.599714250588289,0.010271104103145879,-1.4063147849839515,0.04308709542094808
42.31,0.43436516229038996,-0.1484432077306282,-1.598472757846728,0.009335183342088162,-1.4078030275408486,0.04196158299639879
42.32,0.43135143881677074,-0.1493235756401747,-1.598425583445508,0.009557102489488427,-1.4079362213252093,0.043357679547436016
42.33,0.4313484184474985,-0.14822928269809652,-1.597759914566844,0.011015557008755053,-1.4070492102087244,0.0429544623786987
42.34,0.43215568512918595,-0.14837187157059417,-1.5970570811306042,0.010438295215518078,-1.4075932720273925,0.0434919147383871
42.35,0.432743392593032,-0.14810295847914293,-1.5987153013335609,0.009837898500028294,-1.4066308258054425,0.04129799881686976
42.36,0.433117658805601,-0.14871604546665815,-1.600162611522194,0.00934949283286225,-1.4075314561470358,0.043088557333570456
42.37,0.43334577571140687,-0.14759487106955194,-1.599849763434909,0.010529434025995925,-1.4068642254459105,0.04319104602711799
42.38,0.43313846291077335,-0.14998644254681254,-1.5993641255933955,0.01139210089642834,-1.40774409155833,0.044940024146305775
42.39,0.43158436598433064,-0.14693535128204735,-1.5990329411853497,0.010952617374506127,-1.4077577697851413,0.0431009482276778
42.4,0.4332197095776332,-0.14883525169449854,-1.5978009027875326,0.009967981386254803,-1.407344622121187,0.04069165249387626
42.410000000000004,0.4324056194389094,-0.14719735160330338,-1.5978937797923143,0.010973656996970694,-1.40745347154859,0.044462825462134016
42.42,0.43295171026471757,-0.14887604599136106,-1.5977537488080493,0.011005118952328552,-1.4069505780093072,0.04264837384979522
42.43,0.432945630807768,-0.1470840946812831,-1.5980832590126581,0.008910408908604889,-1.4080486998499828,0.04241071982439383
42.44,0.43204172864189017,-0.15014244312599234,-1.5968501598687974,0.009435294797927084,-1.4082015772508685,0.04130553971726911
42.45,0.43345610192588074,-0.14837929454286292,-1.598806229889937,0.009939944761220001,-1.4069870438998628,0.042581102207916124
42.46,0.43096435639798725,-0.1494270777288972,-1.5996724000337834,0.010440260141104917,-1.406688405281823,0.04427915672177517
42.47,0.43127328547481003,-0.14775871223192716,-1.5990367508719068,0.012751198450095291,-1.4062926212520284,0.04448518392331663
42.480000000000004,0.4334002608456207,-0.14796673967985022,-1.5988513199175622,0.009676993928768935,-1.4081982234064683,0.04353893643066763
42.49,0.4340617083251414,-0.14861137358087742,-1.5991303682541034,0.008905399055785817,-1.4072864662367168,0.044072738246571756
42.5,0.4338164236996092,-0.1470970852722737,-1.598137489343434,0.010278704433464696,-1.4063810238093348,0.042031288803829656
42.51,0.4323152902270623,-0.14680700339980832,-1.5994377702269031,0.01016992960642947,-1.4069490601130894,0.04307216810385304
42.52,0.4337030559985289,-0.14696859463139553,-1.5980814139153394,0.011413058568685705,-1.408310422226869,0.04286252108265381
42.53,0.43479892526148267,-0.14660447335066992,-1.599614339684506,0.010188862697551848,-1.4073812524869371,0.0433634872483545
42.54,0.4338118119628848,-0.1466950309267388,-1.5984673482271181,0.011179117315590601,-1.4069343422075633,0.042981559917509765
42.550000000000004,0.43121807743188395,-0.14741121409928062,-1.597971868855471,0.010539980739789385,-1.4083563160440034,0.044709669795857575
42.56,0.4328330568182723,-0.14929603808970104,-1.5996364889271706,0.010791206198974232,-1.406882808170383,0.04259594741481706
42.57,0.43310371661338914,-0.147717403560776,-1.5983778922093512,0.009587964412994648,-1.4066610586701698,0.043730971214293306
42.58,0.4331953942898357,-0.14902756831643035,-1.599661544973134,0.010266779709654094,-1.4066887961604553,0.0439078966110622
42.59,0.43320996935469436,-0.14869309542687223,-1.59920180334994,0.010185280914109158,-1.407506443747999,0.04396629743290764
42.6,0.4322813702157489,-0.1486461417926374,-1.596706681960053,0.011553696772755043,-1.408270371263526,0.04428172782657723
42.61,0.4317209734852174,-0.14867878768689277,-1.5987794651722531,0.010132288535554125,-1.40695916056779,0.04309291549848066
42.62,0.4332364508168049,-0.1486506723060365,-1.5981734291538396,0.010268911566566787,-1.408711546545168,0.0434215059231202
42.63,0.43278382412221506,-0.1489230036376705,-1.5988707446971138,0.009850654246982685,-1.4077137316888837,0.04453498053048606
42.64,0.4345240911082335,-0.15067891752805487,-1.5980739874725742,0.011033352278845554,-1.407688562560671,0.04380991138672779
42.65,0.4341435336274071,-0.14949715797729118,-1.5983832707335848,0.011907584043486373,-1.408580153993468,0.042899440812132386
42.660000000000004,0.43230869955875917,-0.14738205041538924,-1.5974604418010194,0.01034165734328345,-1.4074718920859581,0.04149976048835431
42.67,0.43394180396290766,-0.1486081957505057,-1.5986242020439079,0.01104788077837192,-1.407327561753098,0.0438760173602161
42.68,0.4332265746806252,-0.1481221622407727,-1.598229087612466,0.009220195941029088,-1.4076300096889904,0.04394600951339079
42.69,0.43191578861477326,-0.1489241961317018,-1.5992676169997637,0.010333849821234243,-1.4062760626832462,0.04347748717185454
42.7,0.4308002417644369,-0.14773396790683962,-1.598885796352143,0.010644519960113065,-1.4076304635145953,0.04224911000116311
42.71,0.43263762927021004,-0.14868525534003257,-1.598231468049796,0.009426814737046624,-1.4084815468643852,0.04363886193162766
42.72,0.43366764500875077,-0.1477938040830878,-1.599066161103127,0.009554167146947103,-1.4080955842114182,0.043777016158360424
42.730000000000004,0.4319800090467805,-0.14752852911929787,-1.597944197144301,0.011280120553426752,-1.406572223915947,0.04347355633075674
42.74,0.43141833388440815,-0.14776756254907256,-1.5983992304555295,0.009874274665651097,-1.4063112350863265,0.04286793471456726
42.75,0.4322379686589054,-0.14731907594461618,-1.5988535100610555,0.009694296765357406,-1.408483627513067,0.04228426139902235
42.76,0.4320591244007641,-0.1477580337962121,-1.5993893083522142,0.00857872973219814,-1.4072353820795018,0.04244677313272303
42.77,0.43268580443619536,-0.14718088094213516,-1.5984375654308514,0.011517392946087897,-1.407559469363722,0.043878735301198395
42.78,0.43222227961924997,-0.14820602217885787,-1.599314168173074,0.009489477240583237,-1.4076960584457805,0.04184063532614974
42.79,0.43283906781013637,-0.1485642079266287,-1.5982952903921455,0.009054024680626197,-1.4068876230355756,0.044481447394466266
42.800000000000004,0.43399724485109453,-0.14663852812046987,-1.5984629719719814,0.009892535945639633,-1.407074503092537,0.04279211403423859
42.81,0.4311811820662018,-0.14758502629627757,-1.598704554228573,0.00891949313874872,-1.4079435599529102,0.04281529167217977
42.82,0.43271032582010205,-0.1482791913143689,-1.5973053048961643,0.00907553629596907,-1.4076327708377414,0.04223295934705245
42.83,0.43379621359716075,-0.14878996113778103,-1.5988000481365612,0.011116032013424045,-1.4063439158750415,0.04428510646891906
42.84,0.43126611332490616,-0.14787857794518897,-1.5982642784975025,0.0101552967548552,-1.4074419083642244,0.044122049433558
42.85,0.43360634007938353,-0.14751729555450832,-1.598319433298368,0.012181464252439354,-1.4078496093843147,0.0415898076344738
42.86,0.43246853093097976,-0.1482496143124796,-1.5973627573367597,0.009754087519308936,-1.407071320891169,0.04171086117779253
42.87,0.43364371514980765,-0.14824038006373547,-1.5987448313592134,0.012060217665424415,-1.4065663299385203,0.04209256677596521
42.88,0.4326045376678826,-0.14591211073201338,-1.5967731565890562,0.011005437274898631,-1.4091118535716336,0.0441625204188695
42.89,0.43214569637749384,-0.14714501271696825,-1.5991306472236668,0.010626584253136905,-1.4080587519987153,0.042682978125407556
42.9,0.4332429689947458,-0.14945095599933036,-1.596429674703581,0.009303580162499147,-1.4084452268869196,0.04354553212578763
42.910000000000004,0.4338274313288011,-0.14858248395373372,-1.5994350332838883,0.009395072554622307,-1.4083988616436955,0.04326893746172727
42.92,0.4326389255886926,-0.14792839094561222,-1.598181591357419,0.010919348174797752,-1.407857743644779,0.04235579483764081
42.93,0.43283639230471754,-0.14834798783598652,-1.5982792577249938,0.009578913292502003,-1.406939559689291,0.0419716753233179
42.94,0.4323156918859139,-0.14731472556716976,-1.5994872585456006,0.011116509954646405,-1.4087296711774293,0.04161662945528369
42.95,0.43139635924956304,-0.1481980673897465,-1.5978633075973105,0.011328001150236501,-1.4064415705943403,0.04375284653795947
42.96,0.43197413200507384,-0.1490334777021124,-1.5978125215083778,0.011440325598196877,-1.4083998401703173,0.04412922744954857
42.97,0.431024189421447,-0.147959726163734,-1.5985905889305094,0.010021810832689385,-1.4074727107904235,0.04225497986544846
42.980000000000004,0.43308927657965934,-0.14824705676289918,-1.597683786755076,0.011587877440692637,-1.4073892440998388,0.04228553344330403
42.99,0.43170699568363413,-0.14681799571225654,-1.5971295910414518,0.010974377814582775,-1.4074477676168862,0.04371136614880363
43.0,0.43383836079388866,-0.1488392691943203,-1.5984739986937098,0.009234627378905349,-1.4076126275152587,0.044347632896895875
43.01,0.4336441106312354,-0.14818274312608548,-1.6008498531841961,0.00962776941435507,-1.4074104601227808,0.04281158520706934
43.02,0.4327516262349529,-0.1480927370673477,-1.5989622618341357,0.010193876208799607,-1.4076290338885098,0.042386381279553936
43.03,0.43438836310098117,-0.14873064955714974,-1.600455570833321,0.011757694315592326,-1.4082338924906175,0.04378545676269875
43.04,0.4322872571410039,-0.1478381707963945,-1.598514733349103,0.011076485009617772,-1.407675617679274,0.04242845149859045
43.050000000000004,0.4332759822266789,-0.14870154933191268,-1.6001306380062044,0.009681937030181748,-1.4049754488589175,0.041411184192648554
43.06,0.43351344663573327,-0.14862816807998344,-1.596806735795298,0.009242174973947767,-1.4073754508630862,0.043599904027505916
43.07,0.4334939006199811,-0.14915292911179182,-1.5983764654613764,0.009948411863011727,-1.4077155768834422,0.04381390727599317
43.08,0.4344593762288225,-0.14808972993013086,-1.59800008384354,0.011065054425103287,-1.4062774484587555,0.04275232480231892
43.09,0.43540406332893117,-0.14981435952048353,-1.6001670892438435,0.011832552640482922,-1.407671706342665,0.04322389767719452
43.1,0.43433803051570835,-0.1499310761863409,-1.5987150799769898,0.01081372879444933,-1.407788515317408,0.042711831677623394
43.11,0.43562567486825615,-0.14797154942624502,-1.597204441703021,0.009847093670511514,-1.4066887115377162,0.0427924142866913
43.12,0.43701112558058797,-0.14923078846085036,-1.5972461241142135,0.009511056128820175,-1.4067855437784123,0.045188035120847465
43.13,0.43866979683355717,-0.14938827783153816,-1.5976998136411642,0.010730406483655926,-1.4085571306096107,0.04449491499982428
43.14,0.44075590133243103,-0.15024964856562917,-1.5973898729769256,0.009853758947743617,-1.40680736939837,0.04306647445198067
43.15,0.4416851069478737,-0.15089015370066577,-1.597599155798023,0.011371130440166495,-1.4074392719518944,0.04070890102182657
43.160000000000004,0.4431467998373321,-0.1482337544763134,-1.5961685853206913,0.009896135985128264,-1.4069101693428117,0.043612295318205575
43.17,0.4437550368163835,-0.15147239467250773,-1.5962595974482952,0.011836463293532818,-1.407128962501608,0.04439009705375266
43.18,0.44686510320723727,-0.1541105293825353,-1.5956219428821805,0.010960115254191747,-1.4059691447736624,0.04363497213594868
43.19,0.4501618741937018,-0.15185810608857245,-1.5960920431956056,0.010134851978399107,-1.4068128885668527,0.041450647384309876
43.2,0.4516501724096454,-0.1522980359860092,-1.5974466853456024,0.008837309211782617,-1.4065924602278814,0.04292396214891881
43.21,0.4554041429024911,-0.15480409815166818,-1.593690186620241,0.009393897623473714,-1.4068368578151949,0.04194018389702848
43.22,0.46003923773282146,-0.15298144202905176,-1.594972498600423,0.010235647598202951,-1.4057726870054918,0.04195926017545702
43.230000000000004,0.4627336212066678,-0.15450153023597166,-1.5935803976648608,0.011201992307384308,-1.4062379241808425,0.04126203614246325
43.24,0.46595646311552835,-0.1560141360562183,-1.5933982852224444,0.010627608721347798,-1.4060070445540185,0.041929548003663185
43.25,0.4712593994038076,-0.15592584413085003,-1.5908039494466646,0.010960859031838218,-1.4049442607234464,0.04310163852853722
43.26,0.47486128123596,-0.15541249547748187,-1.591241498773364,0.009473186415487642,-1.4042444392071447,0.043509052213151996
43.27,0.4792274309314496,-0.15576421328597922,-1.589978900180112,0.011894428400263132,-1.4051876592624797,0.042042902391565044
43.28,0.4847862264986301,-0.1570225157533568,-1.592537234385156,0.012148984379827102,-1.4046401708933927,0.04151374845455792
43.29,0.48977322396591777,-0.15842414006696434,-1.5902862232986978,0.010380207413293794,-1.4026098843505168,0.04251831246801926
43.300000000000004,0.4959197494762364,-0.16160637399614497,-1.588782893048176,0.011749004101309322,-1.4030094770598398,0.044414643669476596
43.31,0.5000551291053269,-0.1609600770361594,-1.5894577406877668,0.010322390307974308,-1.4039253251687231,0.043479499087525575
43.32,0.5084025869436737,-0.16098190296033854,-1.5876465020305575,0.011911652038837161,-1.4022276722297589,0.04380130912910329
43.33,0.5132858806544361,-0.16378906379690109,-1.5864563852136455,0.011589594258783543,-1.4029592990053883,0.0430406337913903
43.34,0.5198977796002004,-0.16616001422364515,-1.5845822585836011,0.012354666133382276,-1.400615090658549,0.043479771114597526
43.35,0.5270327205340248,-0.16709245116849789,-1.584219338521442,0.012525687595717181,-1.4020380746609298,0.0418871010543806
43.36,0.534225371696063,-0.16797005650263783,-1.582490850345672,0.01089205816908816,-1.401145272603625,0.043376534023532996
43.37,0.5422810984869331,-0.1700017901533168,-1.5826058279610922,0.012463478316817437,-1.3999254940194998,0.04424285815078558
43.38,0.5498322480841086,-0.17122075947786344,-1.5826537788571606,0.01259428296364209,-1.3998995497343607,0.044583137794927535
43.39,0.5577266069594011,-0.1736395471429328,-1.5793398084704768,0.011251603189661645,-1.3997630291434744,0.043771110449285444
43.4,0.5669756575275804,-0.17427146543763372,-1.5791989736022347,0.014035645501503847,-1.3992050752650096,0.042684702763547244
43.410000000000004,0.5761581047902623,-0.17580955562318418,-1.575581014118526,0.012340093849536703,-1.3992209929285246,0.042603328003173
43.42,0.5880779382013203,-0.17964169811525496,-1.5742183670951404,0.012868750703518476,-1.3983315436667338,0.04297947109532289
43.43,0.5967489013553169,-0.18050490963616767,-1.5729401385016137,0.014348100744693776,-1.3985387315416309,0.04387684818535447
43.44,0.606385302676707,-0.18177991543138614,-1.5710055813737744,0.012998531178518031,-1.3962632606137033,0.043711538845964286
43.45,0.6170205993500062,-0.183526205856278,-1.5705418579733295,0.012780133120197767,-1.396972383141154,0.042419320948875794
43.46,0.627778305581316,-0.18475970264872382,-1.5686231445770997,0.012751612527375623,-1.3960324109328246,0.043554809906237786
43.47,0.6398341282371839,-0.18865261593537075,-1.5685311792132355,0.014169935698484454,-1.3946281204081226,0.04357593645135076
43.480000000000004,0.6499119185347596,-0.18876913518785413,-1.5658084450245633,0.014611972538490267,-1.395013186001606,0.04435726532103567
43.49,0.6630146848032881,-0.19230542261158207,-1.564948111408035,0.015627947123782095,-1.3930658750688913,0.04429860961025933
43.5,0.6747104392105796,-0.19498876618955865,-1.5622731638290466,0.01689876182622034,-1.39347083460702,0.04239957171237284
43.51,0.6868435713839007,-0.19779543109231146,-1.559136562482077,0.013969767641303253,-1.392738642775191,0.04362347152500555
43.52,0.7010936483922088,-0.19917750315261767,-1.5568957782308417,0.01570434159723856,-1.391658317690868,0.04422685210519683
43.53,0.7119351383593348,-0.20382401209106557,-1.555480648419619,0.015842123323839063,-1.389851769702189,0.042760014180868555
43.54,0.7277117241398178,-0.2043407281888129,-1.5543354548947963,0.016101350528358628,-1.3895834287917697,0.04278039755707574
43.550000000000004,0.7400347687017682,-0.20729188872488358,-1.5526071940662038,0.014906319258291879,-1.388802948012442,0.04428237398486737
43.56,0.755398018274398,-0.20983204988947596,-1.54940268319778,0.017324740079553095,-1.3881460274918331,0.04172901721325369
43.57,0.7698834469849987,-0.21385180147191238,-1.5489374972085521,0.01578047158199498,-1.385183950344341,0.04398845434205133
43.58,0.7826753895080796,-0.21650347789118243,-1.545738887061629,0.017503093132511503,-1.3862266254864348,0.04282007707292186
43.59,0.7988773662801004,-0.2193337178638558,-1.5425666893822125,0.017371166669399727,-1.3862330262019844,0.044258644844090526
43.6,0.8142502523282249,-0.22216563049805566,-1.5405402544905586,0.0181691482477806,-1.3836037042807097,0.04430464877657025
43.61,0.8293388284834596,-0.22623412073238824,-1.538667298668149,0.01822225449898897,-1.3836722724951325,0.04108549863516022
43.62,0.8460175054782786,-0.22861824100355257,-1.5358409857382267,0.01971757739692008,-1.3829846438883793,0.04412419873473172
43.63,0.8616382913793124,-0.23048205158499277,-1.5339154786955376,0.018097322694291013,-1.3825837531566045,0.045158571461229
43.64,0.8784568931823142,-0.23338826615284605,-1.531181771812359,0.01972046310990696,-1.3815891500393598,0.043872799792768
43.65,0.8952544610699137,-0.23621019823627892,-1.5266802889652897,0.0195503896737821,-1.3803809579430422,0.0427868903502616
43.660000000000004,0.9110321095549756,-0.24129092049969272,-1.5289871473570855,0.018936200175497818,-1.3781591974233494,0.043926643645558906
43.67,0.9288679601847152,-0.2453586878094576,-1.522941673880012,0.020308649909448362,-1.377760792711788,0.04196981710807769
43.68,0.9461950774421201,-0.24694233412950453,-1.521247354418028,0.020370711437674483,-1.376100730680334,0.04405840881853526
43.69,0.9649717837313518,-0.25148302877118833,-1.5196157308432914,0.020965895599314825,-1.3750376795386678,0.044408211902796965
43.7,0.9825467616034458,-0.2545030655639976,-1.5156538446624193,0.02123120820161638,-1.3741694112196687,0.046262869841107786
43.71,0.9998947724482395,-0.2549245767635413,-1.5141880686619238,0.02159231056840132,-1.3745007027660405,0.04428777898348265
43.72,1.020054605418192,-0.2612757126901204,-1.509460424212992,0.02124609492624495,-1.374138131409381,0.04460067557427637
43.730000000000004,1.037949687388202,-0.2653306301190535,-1.507852179228853,0.0223351158990827,-1.3719378266436533,0.04441487576996735
43.74,1.0579050567695183,-0.266764555437404,-1.50341952256792,0.022490205718866625,-1.369866732171539,0.04377216861039297
43.75,1.075618747065881,-0.2714924754936139,-1.5020329100348035,0.023041424345041105,-1.369783374512971,0.045351694957636635
43.76,1.0951064656662912,-0.2750347707042582,-1.499467220258565,0.02243847240736194,-1.3666240264601293,0.04364436632968553
43.77,1.1135806310007246,-0.2806606749029209,-1.4951640498498917,0.024143337199280888,-1.3672760047534072,0.04367452794887155
43.78,1.135288161413784,-0.2824105322673478,-1.4930016470802816,0.02434769506722048,-1.3646645833067073,0.04614014491157005
43.79,1.1536277623986753,-0.2879835525300228,-1.4903859347033461,0.024974213990576116,-1.3644518392950102,0.044569599400115845
43.800000000000004,1.1748540720351717,-0.29127346007168603,-1.4868261188085785,0.025542277922207694,-1.363873651762329,0.04420369553366433
43.81,1.1939669416813141,-0.29498468962699087,-1.484041051097601,0.025971343548923116,-1.3618154347690172,0.04398236217084971
43.82,1.2152524371027293,-0.2976167792514381,-1.4821670147432302,0.024888499359049104,-1.3605547512126899,0.0438510233495405
43.83,1.2364888612061327,-0.30313781165135767,-1.4774769565882264,0.025939764067601376,-1.3594418967936106,0.04331695359913417
43.84,1.2569519665477904,-0.308623033287937,-1.4751684673499177,0.02666749758156294,-1.357070900249677,0.04653092176892079
43.85,1.2772988694958571,-0.3118611132399975,-1.4709874685637832,0.02827874685712199,-1.3555204616843792,0.0436148975666989
43.86,1.298552793776553,-0.31441080862921345,-1.4674824977074339,0.027572195633314756,-1.355990873311651,0.04506464377021445
43.87,1.3206095548003627,-0.3200361608813534,-1.4639480063020438,0.028332495906417576,-1.3549807715822928,0.04540099897512264
43.88,1.341743277217502,-0.32257155980236174,-1.460540474022264,0.02787104809068086,-1.352771288725477,0.042329291598582494
43.89,1.3633462711308564,-0.3265360594245271,-1.4575237316948224,0.02747811755866418,-1.3509421468965583,0.04555938266599465
43.9,1.383238585097585,-0.33063415269827645,-1.4550800173135856,0.027230932378039904,-1.3499870194509025,0.04403935283446385
43.910000000000004,1.403864954384877,-0.33538233675406615,-1.4523050612758992,0.030356676506255467,-1.349048679703042,0.04542692025198979
43.92,1.4273706157136918,-0.3389728979061487,-1.4497737722958401,0.029725287938864097,-1.3480355693216588,0.04535678778519822
43.93,1.4488186253721487,-0.3445747616895535,-1.4460368481023596,0.03141239222363052,-1.34809267299727,0.04544431153806097
43.94,1.471408601446149,-0.34772060762447726,-1.4407544445702445,0.031215770272247288,-1.3449765207495947,0.044457018012101425
43.95,1.4924588816684514,-0.35182778141144616,-1.439196067461687,0.03017250101634734,-1.3450571329189318,0.04506525090919454
43.96,1.5126416395282607,-0.3570395059770575,-1.4380392906373398,0.03197251493000067,-1.3416910529500778,0.045011563098842126
43.97,1.5373926858603746,-0.35966428169166814,-1.4322113155173546,0.0315722819372676,-1.3416928563295702,0.04547281191889685
43.980000000000004,1.557558442929159,-0.36457883062587193,-1.4287956744607826,0.03189675678427322,-1.339119921065096,0.044821822400293
43.99,1.5796050823527474,-0.3701308326313009,-1.4262812504709212,0.0344068493850584,-1.3395490854485026,0.04544260371818146
44.0,1.6011033816486075,-0.37543199352581497,-1.422262206284619,0.032464690031563825,-1.337171584016264,0.04596369272831508
44.01,1.6236182647550228,-0.3774357237188677,-1.420212327649907,0.03399335555253147,-1.3363021805888253,0.04339541442190679
44.02,1.6460402203525568,-0.38095403421262575,-1.414868609115363,0.035697297970801005,-1.3341487891792383,0.04562725428844547
44.03,1.6681581187526837,-0.3869339508400759,-1.4143290610392865,0.033812651181338554,-1.3323974452368323,0.044641136317201464
44.04,1.6894728627712572,-0.3898716963714201,-1.4093696417063906,0.03353948631221501,-1.3319027841283222,0.04488945728486051
44.050000000000004,1.71237853869418,-0.39358522527196504,-1.4066379821444135,0.036620156242127964,-1.3305938048150745,0.043837769052579606
44.06,1.7326064305717512,-0.3973472124669143,-1.4037409703117367,0.035443688582606735,-1.3307749578517247,0.04428749736134575
44.07,1.7536766021367052,-0.4040321944653557,-1.400297600466756,0.037443136108318106,-1.3283174065399281,0.046060222949890366
44.08,1.7770259778893263,-0.4081034420188182,-1.3972253955068024,0.03701627086858118,-1.3275407622643431,0.04602416355795822
44.09,1.7991362590609088,-0.4125678463319314,-1.3935634343354069,0.036595357525365524,-1.3261520818303185,0.04492190861596597
44.1,1.8187639265732554,-0.4154576532690682,-1.3898720143037493,0.03801928072891674,-1.3244248449862224,0.04646692459718581
44.11,1.8401110248726882,-0.42062257042706597,-1.3870588532012147,0.03800807556356285,-1.3223674112729717,0.046803938003632035
44.12,1.8622195458462945,-0.42302853022849174,-1.3823897447068925,0.037339801081876324,-1.3220227869660806,0.04798606153606033
44.13,1.8839487971082383,-0.4273315099755009,-1.3796112514981504,0.037267553875088406,-1.3211311745155838,0.04472274056393132
44.14,1.90468989349868,-0.4321690895567209,-1.3771316607435082,0.038572888453971964,-1.320720040624009,0.04641637698518532
44.15,1.9237896019114988,-0.4365288419914587,-1.3752047191818666,0.03848538978002391,-1.3178658113270696,0.046759586275793616
44.160000000000004,1.9448394779778866,-0.44040208695121474,-1.3724442583125522,0.03913109290742362,-1.3167281638567336,0.04638873203361002
44.17,1.9650905452287373,-0.4434310340943392,-1.3686484429722057,0.039001733708282374,-1.3154891331514464,0.04630387858399863
44.18,1.9874446044715746,-0.4488331858468713,-1.3647912616134954,0.03983105188398226,-1.3137867080672134,0.0467320165431468
44.19,2.0088551955191507,-0.45183483597165774,-1.360649873756114,0.039970773729484155,-1.3115329299037513,0.044934453253168215
44.2,2.026480642796029,-0.4545334559463866,-1.3591998691890856,0.041358353893240864,-1.3127728937187437,0.047929385083472394
44.21,2.0499535209825073,-0.4582503958249689,-1.3554789399875944,0.04250375858771146,-1.3107142970489767,0.04688219191619771
44.22,2.06794083142377,-0.4620581949359645,-1.3529605788089745,0.041732900705164694,-1.3098803258861564,0.04610665121939775
44.230000000000004,2.087712353133618,-0.4668216337175696,-1.350008071115394,0.04311052261170395,-1.3069643777829971,0.04604186613624831
44.24,2.1095479945637914,-0.47003183338738275,-1.344781017965358,0.04274776697481295,-1.3085669438537046,0.04539311807992785
44.25,2.126447693624974,-0.4755782047999347,-1.3456517314221224,0.044072230826091,-1.3075797464124768,0.04685472851079776
44.26,2.1480394768567814,-0.4791169181343395,-1.3405165777486077,0.043203071499506814,-1.3040866526886568,0.04503622861606751
44.27,2.1649620401806344,-0.48110949766409095,-1.338048750879937,0.04249844782676025,-1.3025894403876157,0.04498163476830507
44.28,2.1838711669310835,-0.48518740049035264,-1.3350858137852615,0.04649850422986045,-1.301910339508635,0.04596964752403783
44.29,2.2028275972589113,-0.4890770019025009,-1.3323699950292653,0.04485699334673225,-1.301820806436019,0.046365260878649506
44.300000000000004,2.220126944764986,-0.4944344568981533,-1.3286670225729456,0.044506347120651046,-1.3002238459714448,0.045548694898747306
44.31,2.2379579134209733,-0.49715979574708546,-1.3261237936041133,0.04638890813477767,-1.2992441745593797,0.04577635595331657
44.32,2.2548991604000665,-0.4989850305213983,-1.3248679827433236,0.044721792257947694,-1.2981755675486577,0.04598504674023078
44.33,2.2725815950750357,-0.5042616389204174,-1.3213479811660147,0.04546579281054473,-1.2967052076687642,0.04643599497496213
44.34,2.2920924434521663,-0.5071108097341709,-1.3188414400427966,0.04693117925235598,-1.2966618061687083,0.04732282544714249
44.35,2.306732557182722,-0.5103886128779827,-1.317973760131693,0.0460630653537328,-1.2952308613240355,0.04709533548664165
44.36,2.324790300110007,-0.5134065344400416,-1.315321932040819,0.04597148445291098,-1.2938220231541346,0.04716900410086194
44.37,2.3410244724741562,-0.5150024806812262,-1.3123232077326932,0.04701071589277124,-1.293373120323336,0.04776403702317932
44.38,2.3576915250053454,-0.5207471016711794,-1.3082301331725221,0.049277425700975916,-1.2923539035119087,0.045675598757804886
44.39,2.3742286745157206,-0.5205270005959943,-1.3059291632723304,0.0465596857248364,-1.2905244656205932,0.04683975526955097
44.4,2.3882511198858283,-0.5241240622564858,-1.3039400864586956,0.049427377848383275,-1.2911738206875443,0.04686306323114229
44.410000000000004,2.403618278763078,-0.5279835139062913,-1.3007305825177236,0.047333177087690255,-1.2905242966912736,0.047376390002079175
44.42,2.41940330425246,-0.5300707954690458,-1.300466234465316,0.048914915676805344,-1.2878291402906707,0.046752995204745997
44.43,2.432567676538121,-0.5314645841495317,-1.2973640909782638,0.04798688919080446,-1.2872736552520825,0.046970495738717914
44.44,2.4494018160424,-0.5358943349533517,-1.2955698235814306,0.04793422612617909,-1.2862818444964823,0.04518860076085661
44.45,2.463689743695889,-0.5400586044715486,-1.2927096978407062,0.049138755558361995,-1.2862690951112044,0.04594822543941055
44.46,2.477034360255989,-0.5426165008628642,-1.290521031993992,0.04946019309210344,-1.2852157700301916,0.046702998849388146
44.47,2.490006023331005,-0.5454746645140726,-1.2885532128366894,0.050004842769924465,-1.2837323353387367,0.04668198870738178
44.480000000000004,2.503524923491123,-0.5475591349024189,-1.2878804169201878,0.050869923716710536,-1.2838502378797196,0.047992793144057425
44.49,2.5158897427744047,-0.5508685294031003,-1.2857749291768321,0.049874848036661125,-1.2817148776265759,0.04741783281301935
44.5,2.5282686046749236,-0.5518234254401106,-1.283462256935736,0.051740881496267974,-1.2814489003763339,0.04737607841113251
44.51,2.540316928550786,-0.5549711216454601,-1.2809765199892713,0.05258057419996432,-1.280208426295239,0.048167344464792976
44.52,2.5524574541853604,-0.5575461479640613,-1.2805467686646694,0.05266097336807227,-1.2820893417805805,0.048121493015292796
44.53,2.563127870543874,-0.5572368110510031,-1.278110295452579,0.052311457838826445,-1.2776939619036967,0.04654089746274173
44.54,2.5746775428250652,-0.5616728942174679,-1.277244033835646,0.051610391643164444,-1.2795903373712183,0.04575801121963519
44.550000000000004,2.5856263997387074,-0.5627606612184842,-1.2755231866801453,0.05196724872183691,-1.2772296765936617,0.045629749657119974
44.56,2.59798929542379,-0.5657632223775404,-1.2729881514864714,0.053429543491981944,-1.2764455748052774,0.04729737403596462
44.57,2.605854119460388,-0.5678150916279436,-1.2721379362517606,0.05415964245354323,-1.2775538122700365,0.04718804481951657
44.58,2.6153686351310186,-0.5700330053200803,-1.2701367096155696,0.05241868896703184,-1.2768506069392713,0.045632537185978025
44.59,2.62569728328159,-0.5694988539345219,-1.269478379691384,0.05366980194001526,-1.2790858967994614,0.04624012714366448
44.6,2.633239077653916,-0.5715340407410433,-1.2665920017653112,0.05216201394366472,-1.2752621500630363,0.04800542530966949
44.61,2.6448987880510115,-0.5746640834173362,-1.267961999093132,0.05245196248801375,-1.2743181001179213,0.0488041925329415
44.62,2.652139486519379,-0.5764719616729153,-1.262666581658893,0.053755066857642926,-1.2755503337746161,0.046884017986712496
44.63,2.661197428165509,-0.5775718091668779,-1.262843525337888,0.052158765209604475,-1.2752427242353066,0.046361123127836856
44.64,2.6678834599575216,-0.5787227883808116,-1.2618074521502962,0.055863406281496386,-1.2741679108337371,0.04674242207616819
44.65,2.674983249401899,-0.5795122728025095,-1.260249768391621,0.05346613386571775,-1.2712727723128883,0.046411226183998566
44.660000000000004,2.6836468537113176,-0.5805615142176206,-1.2613532006377433,0.054499932996264766,-1.2750253236488371,0.0477619551574312
44.67,2.6886049080082883,-0.5826493113701521,-1.2584809138756115,0.0551060703967364,-1.2714617783515256,0.04710372205985915
44.68,2.6957287278931292,-0.5844607779186045,-1.259137094122766,0.054070244489939516,-1.272103080067754,0.04637876287135248
44.69,2.700715367298212,-0.5866997982217957,-1.259983805246063,0.05410647677727008,-1.271164772544505,0.04473672568095746
44.7,2.708298653614818,-0.5868208903679984,-1.2573809871891888,0.05411286215629801,-1.2702113240636643,0.04623808979266739
44.71,2.7137052119988625,-0.5874798083833556,-1.256237897477619,0.05547695904256998,-1.270443616754048,0.04687835792158669
44.72,2.7209344281731282,-0.5879074260190611,-1.25620455644028,0.05435938270397746,-1.2683296894966551,0.04625048373280758
44.730000000000004,2.723861778075709,-0.5886670597282677,-1.2534222642455188,0.055490031388979885,-1.2695429937258926,0.04713861909725929
44.74,2.72774537158671,-0.5902545516082441,-1.253646370883342,0.054465099360428294,-1.2686152976996408,0.04679230204714417
44.75,2.734265149180769,-0.5912459974563077,-1.2527812470975184,0.0533835009807126,-1.267798996571745,0.04712737114670276
44.76,2.734846512029985,-0.5913888145809592,-1.2520768936876798,0.05423575530906167,-1.2685934669514747,0.044915672019334454
44.77,2.7399754709856303,-0.5932385305828869,-1.250722457326627,0.05707686882286337,-1.2693937007648048,0.04754801215609996
44.78,2.746492801792811,-0.5936466658930708,-1.2505319031767834,0.0541101302509023,-1.26726089245368,0.04653072674612554
44.79,2.7475567756370327,-0.5940631175162372,-1.250380621247976,0.05487374449460385,-1.2685665255320349,0.04869229079362271
44.800000000000004,2.7522806343950146,-0.5949974169905692,-1.2504010707130047,0.05460473989341925,-1.2662551604756875,0.047276477658337576
44.81,2.753978517502776,-0.5947598016684763,-1.247673349702227,0.05514721273407093,-1.2694026176409727,0.048791604414024504
44.82,2.7562649088552322,-0.5954457056354037,-1.2478892514099373,0.055859437143483875,-1.2669184164448906,0.047388558650788296
44.83,2.758499443216465,-0.5958152946409874,-1.2491766429337017,0.055275751761640825,-1.2684972562566117,0.047409064772377545
44.84,2.759323987717415,-0.5962814284055995,-1.2482399038908316,0.05567313138884634,-1.2678398048663762,0.04668692747666163
44.85,2.761268342667166,-0.5984651073669651,-1.2484256759238062,0.054668711171328155,-1.2678394112006015,0.04656070542580376
44.86,2.761310796203374,-0.5953471703258866,-1.2482845570988363,0.056822659201562355,-1.2682913840496262,0.04866895041067859
44.87,2.7634849605575718,-0.5974269357238079,-1.2488268388454926,0.057856488499240535,-1.26796573354849,0.0479125223373328
44.88,2.76608751011466,-0.5978348589586654,-1.2472407525464027,0.05679645505938575,-1.2670929145316085,0.047333493505711366
44.89,2.767177811407111,-0.5963399220285241,-1.2479013585497696,0.05401258575764224,-1.268571162006862,0.04630160502797578
44.9,2.766823705435726,-0.5989174462642791,-1.2474276754519213,0.055863218186883105,-1.2673557182697186,0.04655784817271955
44.910000000000004,2.769178399628272,-0.5978503774638707,-1.24591912088881,0.0564002248320548,-1.2678242277772875,0.048335679901499375
44.92,2.769131012518251,-0.5977323949212411,-1.2465829848166132,0.05556410972398691,-1.267394249829525,0.04708282470537291
44.93,2.7686052992105687,-0.6003884865536683,-1.2477483639115416,0.05585530653620239,-1.2665096069388346,0.047892924771390476
44.94,2.769452900560956,-0.5991773647794444,-1.2472476553675718,0.054837407540216446,-1.2692820661898148,0.04585052336137488
44.95,2.771147998059407,-0.5970114508344992,-1.2463949452823517,0.05564240682158211,-1.2686366826314672,0.047058753894490414
44.96,2.77065248782632,-0.5979408322820366,-1.2464261821543914,0.05675201559180988,-1.265715328738942,0.046846225320258214
44.97,2.7726709670535703,-0.6004478670155482,-1.2476908026727547,0.05587303186559859,-1.2669255071234689,0.04704135441041168
44.980000000000004,2.769844335839048,-0.5967734449132203,-1.2474777754114892,0.054809980202816896,-1.2659258563330613,0.047940984143125275
44.99,2.7712524208660563,-0.598528511313772,-1.2482012109972072,0.05577378818250568,-1.2687211154329048,0.04741144759406994
45.0,2.770870201626833,-0.5977615192805456,-1.2470806238265595,0.056352831369730384,-1.268188754030417,0.04804354507930817
45.01,2.770888680302295,-0.5993983564968375,-1.2465371712820004,0.05665096115221871,-1.267331368483988,0.046482222324331246
45.02,2.7704551212031467,-0.5982178957755886,-1.247724328613442,0.054820664778984333,-1.2669447986341327,0.04791848045246249
45.03,2.7721760171918532,-0.5981190439260878,-1.2480551228303824,0.057480046938587576,-1.2664793500350768,0.04545007082658629
45.04,2.769400902351775,-0.5991289656455348,-1.2462686213545886,0.053623533823399155,-1.2675039451920358,0.04788159370733156
45.050000000000004,2.767826770348886,-0.5980483303433215,-1.2462434491167942,0.05496115628084354,-1.2684064330026839,0.04644750691660662
45.06,2.7679681546992145,-0.5989846543819569,-1.246808366115603,0.054635927909825625,-1.266551726714586,0.0472895067503462
45.07,2.770526908290945,-0.599050808267468,-1.2463515718309996,0.05682622665824907,-1.267755627103719,0.04786412550572001
45.08,2.770973721052745,-0.5983353391005475,-1.245536494128923,0.05506601816148189,-1.2677678703026816,0.046521975036411624
45.09,2.770932700742448,-0.598937789124317,-1.247607155662127,0.057151370101671095,-1.265820908285533,0.046913161327889315
45.1,2.7691067113479737,-0.597073774241152,-1.246589210111332,0.05606714953456289,-1.267308369333232,0.04650159102860432
45.11,2.7699393404021633,-0.5981085776926353,-1.2473905700946368,0.05607784940874457,-1.2673883363336094,0.04627769211800306
45.12,2.771714703366097,-0.5981816084774392,-1.2467114554695744,0.056184347386078116,-1.268964593172416,0.04676961960702445
45.13,2.7689671788451036,-0.5985911907466388,-1.24671558794801,0.05582334139278246,-1.2663714869373,0.04589331369000708
45.14,2.769602521949119,-0.5983384131580017,-1.2467696718157155,0.05455207013146216,-1.2663558307102656,0.048546715356348996
45.15,2.770671394726535,-0.6000169132276272,-1.2468606134284708,0.05599700491799606,-1.2676372271733436,0.048375692729491084
45.160000000000004,2.770198824432076,-0.5968634403337021,-1.2463166013088673,0.05594092536335857,-1.2665967755811838,0.0485359494243221
45.17,2.7710845708925547,-0.5987661785364718,-1.2475758890732143,0.05472077662019715,-1.2695299292291642,0.04735204730765353
45.18,2.7699616944202408,-0.5989915821573528,-1.2461021524245965,0.055602198284424836,-1.2657462100835777,0.04669987604985081
45.19,2.7694526852669847,-0.5997974947762631,-1.2463692807185454,0.05670486114825189,-1.2679187073998384,0.04627149993318098
45.2,2.7716354179269973,-0.5999657144144311,-1.2461184165863073,0.05520172476474251,-1.2670534689287023,0.04813979149203715
45.21,2.7707156119296528,-0.5989576595216072,-1.245781675305687,0.055952288551954894,-1.264186404219231,0.04571197183997127
45.22,2.7687990805711586,-0.5978323439733404,-1.2470277081194596,0.05639168218152289,-1.2683585181484662,0.047247239735347016
45.230000000000004,2.7706990847886206,-0.5991744772200812,-1.2467976904164553,0.054511844264578585,-1.267055452058159,0.04846139135958566
45.24,2.7692200094884516,-0.5998326779695191,-1.2459615979799765,0.0545518894231156,-1.2666664372615062,0.04724830066578795
45.25,2.769935381570529,-0.5974202156594526,-1.2461900382398978,0.05594409793414889,-1.2692785559223017,0.04782155862303821
45.26,2.76936549842334,-0.5988931921959273,-1.2469935998179171,0.05735568680393969,-1.267620995385787,0.045958397347811514
45.27,2.7715825060770736,-0.5980666791680245,-1.2463341780045387,0.05699888974037724,-1.2658962165945928,0.04642181522668181
45.28,2.769086132447658,-0.597964806892688,-1.247229045942858,0.055550095413231394,-1.2683788412012467,0.04770954592183735
45.29,2.7706509256503957,-0.5988356976796279,-1.248211557168289,0.05675518245766284,-1.2671768557209502,0.04817550268070007
45.300000000000004,2.7684647753632543,-0.5986504124444714,-1.2476256122307428,0.05573154445871218,-1.2665768935046675,0.04752283997996062
45.31,2.770315814632632,-0.5986888469664448,-1.248361151895447,0.054908870128376905,-1.2664214920243073,0.04675883588969985
45.32,2.7712952033591844,-0.597978855316654,-1.2462327488011864,0.05599052261146085,-1.2677804889618047,0.04706809494395866
45.33,2.7708588421224296,-0.6005549482547697,-1.2459146003395034,0.05526356345314555,-1.2674752971335197,0.04713222664897408
45.34,2.7702652395163883,-0.5998463686289129,-1.2468675949302304,0.056218680989291094,-1.2691841205135619,0.046064850283330815
45.35,2.771081790006096,-0.5980805851407118,-1.246739299091635,0.05510471348756448,-1.2667755101891087,0.04615027111850261
45.36,2.770180151693429,-0.5998401301701466,-1.2471413733648433,0.05480081433473058,-1.2667404305978265,0.04757802246035086
45.37,2.769802078874658,-0.5977485344420318,-1.2478345425831212,0.05566920849252079,-1.2679365328238015,0.04784784158131139
45.38,2.7708615094698597,-0.5975638285834136,-1.2469275824072188,0.05311726460184889,-1.2677760036719947,0.04856594677535148
45.39,2.7700163886720817,-0.6003733660181897,-1.2466078839853494,0.05615732807616762,-1.2680346008246208,0.046984670784489584
45.4,2.7695605948079214,-0.5982439719089634,-1.2469506076621628,0.054682669252916004,-1.2674083285604136,0.04656031556024139
45.410000000000004,2.7715750159839105,-0.5979201016018951,-1.2471067088579355,0.05577074182015109,-1.2665153133472018,0.047048496354472384
45.42,2.77096182232872,-0.5974107373858156,-1.247428375414403,0.05713653259883081,-1.2662174374255644,0.04741690847431806
45.43,2.7699126136988923,-0.5984939538129216,-1.2472133672828574,0.055008176044837556,-1.2669355022657425,0.04630680655012998
45.44,2.7700045553853503,-0.5989839665474251,-1.2481914136332322,0.056274625241781714,-1.2675992625306536,0.04833345461143244
45.45,2.7700864999787487,-0.5990548212267811,-1.2477894496964135,0.055734059407482515,-1.267361010887202,0.04784731359057968
45.46,2.7703584851021343,-0.59687271209734,-1.2466018753318326,0.0548388222719522,-1.268335039502099,0.04766669883313447
45.47,2.769411341076759,-0.5981809003476384,-1.2462184074877611,0.05650262646218761,-1.2681585089666398,0.04800413529825275
45.480000000000004,2.7705815122170354,-0.5992304675718529,-1.2471391037413115,0.05611126917507652,-1.2679871733516348,0.04746342206615242
45.49,2.771561525683763,-0.5978587023175626,-1.2469284535490999,0.05590432797203476,-1.26786954849256,0.046755031442484135
45.5,2.7689585431697004,-0.5984808654300049,-1.2464044077614471,0.05563817739606206,-1.268165609790625,0.04725770798136427
45.51,2.771470910474744,-0.5979163631755537,-1.2470257212347724,0.05748672008579523,-1.2650449251473457,0.046780996524859834
45.52,2.7700854250607465,-0.5980949543010552,-1.2477967221799722,0.05644100940826264,-1.2673114527332348,0.04752431576343425
45.53,2.769797835748733,-0.5993874008553862,-1.2487326454782435,0.05699571576569493,-1.266578432991882,0.04778761658535892
45.54,2.7706039719101825,-0.6007108180396156,-1.247655459425985,0.05547652721037065,-1.268343652710285,0.04572212329657803
45.550000000000004,2.7694470900146535,-0.5986571146871419,-1.2469568912562674,0.056491963074462144,-1.2655995360579553,0.047798439820459566
45.56,2.770146804000793,-0.5971289187376789,-1.2483804999612327,0.05388586716483869,-1.2681738121531816,0.04790876725545976
45.57,2.770447096569289,-0.5996846481844958,-1.247634509680795,0.05461660126536241,-1.2684834204721953,0.04855355325290332
45.58,2.7701748293766406,-0.5971557483087259,-1.247776684064742,0.056128587425986545,-1.2672018329951644,0.04796766699089776
45.59,2.7705221354757517,-0.5978403525690339,-1.2465163713477507,0.05474768562432607,-1.2667605857441384,0.047110029122896566
45.6,2.769622184298948,-0.5980943901430451,-1.2461957884545434,0.05527800978674332,-1.267705925603319,0.04598950918103725
45.61,2.7687250784759594,-0.5989114538794134,-1.2463088020715674,0.0551997313071935,-1.266154014976309,0.04702103918161633
45.62,2.7701245862724693,-0.5989522801094548,-1.2461433988837054,0.05486319266580122,-1.2675125389761879,0.04672232785954031
45.63,2.769809939437849,-0.5986693220471236,-1.2470988932271672,0.05661775634051187,-1.267409402263388,0.04768433388087129
45.64,2.7704507573053636,-0.5974749891770921,-1.2472638806656642,0.055438574641872955,-1.2667498311794447,0.04692423549819497
45.65,2.770734928793167,-0.5966597847996788,-1.2478542973592641,0.057036634634701704,-1.267829531313208,0.04836734484841534
45.660000000000004,2.7708986879496678,-0.5981761152877076,-1.2471317401983568,0.055481394658165026,-1.2680300704748042,0.04720547687940527
45.67,2.7701395069865296,-0.5985333051275893,-1.2482310288065948,0.05571976159502322,-1.2662981274045593,0.048023837761442666
45.68,2.7703200728366055,-0.5964638683651735,-1.247503835805907,0.05562436437416926,-1.2686658131273343,0.04684776174175524
45.69,2.7718601621485566,-0.5990189424991906,-1.2483332842367625,0.05646096257936026,-1.2670603499895488,0.047924875438544
45.7,2.7700407740319033,-0.5995788813706361,-1.2471602415611263,0.05618419359252968,-1.2674631171621116,0.04753855475619594
45.71,2.7698315376696114,-0.5983290332965677,-1.247002630157043,0.055084008802927006,-1.26727787045025,0.04686254744308308
45.72,2.77083857759954,-0.5979380268506227,-1.246562325710712,0.05427320432199769,-1.2682419213090055,0.04664448188692945
45.730000000000004,2.769605084902328,-0.5991737233524077,-1.2461925683864234,0.05630969101430879,-1.267769880062143,0.0477164373929641
45.74,2.770586968826727,-0.5987286747220154,-1.2459979849193406,0.05512291010520905,-1.2673539586181464,0.046282951561820135
45.75,2.7694247789424375,-0.5998874915015134,-1.2478603226620786,0.0557725189201209,-1.2676639672431482,0.04696449287128997
45.76,2.770038930929351,-0.5971529902201139,-1.2479923768892416,0.05461432376843015,-1.2681377703905576,0.0471372599210134
45.77,2.770749222714973,-0.5981601804712822,-1.2461756475569428,0.055605543770446936,-1.2677458554218783,0.04862546336644162
45.78,2.767870319838034,-0.5986452324211509,-1.2466247481506072,0.05733509774917112,-1.2688491173573058,0.046833360744892714
45.79,2.769115261601597,-0.6002692921737505,-1.2471784823370629,0.0564270114524074,-1.2663475930002352,0.046735853415265254
45.800000000000004,2.770881653872411,-0.5988725421139325,-1.2465142977512023,0.056707469710221524,-1.267569498033712,0.048139837446647446
45.81,2.7692414339955205,-0.598127086495246,-1.246097949899999,0.056511760669396886,-1.2684341261803185,0.047020396021148735
45.82,2.770563697547002,-0.5983133638078,-1.246898879157983,0.056947200312335855,-1.2685306644413261,0.04699034159581657
45.83,2.7688271409915512,-0.5981578581393923,-1.2465160032273288,0.058622207703755626,-1.2665043322325762,0.04748917063697309
45.84,2.7705224379158815,-0.5989762951419084,-1.2468861280053494,0.05594107269675143,-1.2691145759728506,0.047371839524813546
45.85,2.7703881474772083,-0.5971693346598718,-1.2471149052870225,0.05503193565011649,-1.2671656615510236,0.04726488093234191
45.86,2.770186029456067,-0.5998161282922284,-1.2471361526975768,0.055194559741436305,-1.2675889157462836,0.047838924218688676
45.87,2.7697113751964126,-0.5988930617620353,-1.2465277095699363,0.05546490215648351,-1.2651230556863235,0.04741717699194251
45.88,2.769216240390802,-0.5994324298143852,-1.2478202478407443,0.054980028744385394,-1.2669313981912955,0.04623438833915497
45.89,2.7700109684525196,-0.5977027651966933,-1.2474535867728562,0.05628598257019639,-1.2688686686071058,0.04687657735240397
45.9,2.7695268667998154,-0.5984384004902806,-1.2479030142678071,0.05750611634731824,-1.268830633205462,0.048191156027137576
45.910000000000004,2.771066441344431,-0.5984295951297257,-1.2469524980251823,0.057318756814568717,-1.2652436772215945,0.04701912569299676
45.92,2.7704376797515673,-0.5991820601294261,-1.2480203957497933,0.056104142118494814,-1.2671821633590583,0.04579481684334412
45.93,2.77069793680186,-0.5984529138660281,-1.2475246849703863,0.055118349251425544,-1.2670301823877679,0.04860401410789192
45.94,2.7706476657731525,-0.5980188990027838,-1.247726228354612,0.055338479140089554,-1.2668694052702896,0.04601462046926256
45.95,2.7704808175925564,-0.5982694071732764,-1.2470336273459313,0.05597870467524169,-1.2673495426641586,0.04665706157764572
45.96,2.7692719078994497,-0.5987788132651877,-1.2458616037564376,0.05659394082743322,-1.2677013592784998,0.046880513606986786
45.97,2.769916278552126,-0.5990836092928004,-1.2467488912573077,0.05662282660638638,-1.2654253264252662,0.04647582142387132
45.980000000000004,2.770868262053897,-0.5982267239510354,-1.247287758035827,0.054804638022405656,-1.2671596916394325,0.04904994410137228
45.99,2.7705347878908406,-0.5993869891759982,-1.24713724074442,0.05470501045906171,-1.2673838467282839,0.04779638601086729
46.0,2.769695592406221,-0.601541055713233,-1.2467583756821923,0.055262312822554005,-1.2680550830106196,0.046537384350280736
46.01,2.770646385568213,-0.5990554062744774,-1.2461884690964515,0.056531114428566516,-1.267636344791506,0.0467454534780197
46.02,2.7703884199325155,-0.59882244277638,-1.2485328191909366,0.05736992243261041,-1.2667780045312096,0.04679549162705975
46.03,2.768550510625454,-0.5988425954737953,-1.2475247043779607,0.055645638627644614,-1.2692929558517634,0.04678774848111797
46.04,2.7697596112839222,-0.5988328321440639,-1.2472334132364629,0.05574206577992692,-1.2660833967618543,0.046750239336262836
46.050000000000004,2.769153174589471,-0.6001396179152394,-1.247498911527203,0.05447033244705574,-1.2665832358616913,0.04711549995453421
46.06,2.7705167468776986,-0.5973047367180878,-1.2478455909239399,0.055385132615925016,-1.2662740292469714,0.047364039905779205
46.07,2.769804738538314,-0.597615444301315,-1.2463605477233812,0.05603960797918771,-1.266238403188231,0.047138729345147005
46.08,2.7693455381901537,-0.5985830135283321,-1.2463210790209966,0.05506106673413688,-1.2689529394343173,0.04776900039419028
46.09,2.7674208193863734,-0.5992935016318418,-1.2461952133913172,0.056504524408533326,-1.2678180920480913,0.04453875849830961
46.1,2.7680581068066776,-0.597600235933163,-1.2469560779672504,0.056058202498033276,-1.267720545226571,0.04683693397317067
46.11,2.7657593083154324,-0.5986197019559649,-1.2472570745909026,0.05592530417614528,-1.266925032452676,0.04596623325115046
46.12,2.764246359606766,-0.5981439475936747,-1.2485826205889492,0.05577265758935615,-1.268819117199108,0.04822167172578319
46.13,2.763772623547565,-0.596190681781996,-1.247416096829329,0.05466604823495894,-1.2659202020014788,0.047421211944907025
46.14,2.7632453123435354,-0.5973697058876146,-1.2476754522911042,0.056018378975301965,-1.2685863309516217,0.047000705479651836
46.15,2.7616153816017732,-0.5964986891509844,-1.2477977425668634,0.055672583563039356,-1.2684067962610117,0.04665922682902636
46.160000000000004,2.7586819805723284,-0.5961446804622004,-1.249128170591658,0.05532676326672627,-1.2678265183404145,0.04718442711408503
46.17,2.757707447585075,-0.5970643859849933,-1.2486581524807687,0.05518199423272385,-1.2682298179125855,0.048187901715808855
46.18,2.7559175985872786,-0.5963420096184316,-1.2493589116242807,0.05680724379538334,-1.2685566550364191,0.047208169576681065
46.19,2.7535850356401106,-0.5951799627671361,-1.2499258889287335,0.05471461517768155,-1.2684453312783337,0.04774315685162695
46.2,2.7514428468848084,-0.5961233386762808,-1.2484705204741318,0.05505883562187044,-1.2677921924814346,0.04652042705315484
46.21,2.745916680383963,-0.5954185244680262,-1.2507439072310436,0.055710112232873095,-1.2687499018555752,0.04694034490604599
46.22,2.745070039950563,-0.5936490665819665,-1.2506963257462382,0.057904806626978056,-1.2689776032524733,0.04654567656630863
46.230000000000004,2.7410183531768757,-0.5923366392469646,-1.25120347398572,0.05525881250164121,-1.2678866091514116,0.04833105675824995
46.24,2.7367259511969677,-0.5928123227415026,-1.251658542930209,0.05448192710087193,-1.2686336285018722,0.047509919535055296
46.25,2.7351063111688414,-0.5901843742750333,-1.2535837431751653,0.05451689427192616,-1.2713191564304842,0.04526704454890666
46.26,2.728536129010515,-0.5916745060207763,-1.251862677236016,0.05589562938475387,-1.2701459220629079,0.0468382771186784
46.27,2.72510012335699,-0.5882450269713989,-1.2548053674244408,0.053868923777728624,-1.2704494152148782,0.047492745511251044
46.28,2.718423848726698,-0.5883964360978008,-1.253031146849408,0.05347199291598631,-1.270871166820631,0.045897219982323816
46.29,2.7129063434823144,-0.588039424119992,-1.2561549977051827,0.05505084263103588,-1.2706643002527378,0.047359135060556785
46.300000000000004,2.7078244366968405,-0.5869012922988934,-1.2566601092980627,0.05427216488258751,-1.2707626690836462,0.045409667845277994
46.31,2.7024861212366957,-0.5863435716746641,-1.2575305234037604,0.05301245753426077,-1.2717923670717093,0.04732020590956557
46.32,2.696459637634863,-0.5854311305318408,-1.2578064200787817,0.05524961936704919,-1.272280226092285,0.0470674101116892
46.33,2.6877610930242817,-0.5839273319172875,-1.258903692355012,0.054962367774353246,-1.2727616063262053,0.04938442327512792
46.34,2.683022001191549,-0.5829420381060605,-1.2590417192970027,0.05290245458010692,-1.272360665717134,0.046231778385922156
46.35,2.674418828067685,-0.5796145806474843,-1.261466024953758,0.05536271996003969,-1.273963790260826,0.04566881399213146
46.36,2.6677111330455077,-0.5764917689230196,-1.2616354016395839,0.054194678833274876,-1.2730111973597662,0.046593323447955075
46.37,2.662706634115505,-0.5771106411604956,-1.2632188097879307,0.05441885342074258,-1.2751022855151741,0.046235031052432304
46.38,2.651972642739425,-0.5750773126972599,-1.2658931845009862,0.05334222050340193,-1.2746611596555202,0.04561387365853308
46.39,2.6432702882344175,-0.5738367600200432,-1.2673288053918323,0.054467708307166504,-1.2745782407530826,0.0472745095986804
46.4,2.6349133534459837,-0.573566062746101,-1.2679258474589445,0.053380417807791694,-1.276083268445295,0.04712145063955417
46.410000000000004,2.624976991094892,-0.570456900288859,-1.2682748716761092,0.05146621566794379,-1.2760039316407326,0.045612399640361935
46.42,2.61465542051323,-0.5695421736644357,-1.2677189701575562,0.05337873550572916,-1.275416112360453,0.047454212686521266
46.43,2.6066394730324367,-0.5663505833310266,-1.2721943792835668,0.05292155656066369,-1.2761922431180264,0.04751598721994071
46.44,2.5973881278554676,-0.5650156771483111,-1.271686854459613,0.05213154656083434,-1.2759801371935093,0.0473879450340928
46.45,2.585475022840503,-0.5641821592480097,-1.2754464669211998,0.051271811930242016,-1.2785345054079775,0.045756785894960114
46.46,2.5761084435700536,-0.5609699086918984,-1.276308595870436,0.050881225799685605,-1.2797772593775618,0.04491143020687059
46.47,2.5652270127760426,-0.560152476603082,-1.2792197156945135,0.05291412227212735,-1.279437093558787,0.0469343684935467
46.480000000000004,2.552612994984372,-0.5558672359377685,-1.2796906301456683,0.05011008339469796,-1.2798246606676789,0.047176909628673096
46.49,2.541506718915119,-0.5555100261372229,-1.2821933678919093,0.051568936454696075,-1.281997844314246,0.04473384444068775
46.5,2.528494078415691,-0.551295520998596,-1.2834982564268012,0.05146837719832142,-1.2815505345014784,0.04677439330231124
46.51,2.515949351400961,-0.5484924648718817,-1.2861054811181751,0.05142151462130014,-1.283681686140385,0.04604921472382331
46.52,2.5040567806536154,-0.5482559485718125,-1.2874021907342574,0.0525580837238944,-1.2825244120431387,0.046076457917147574
46.53,2.4893780129766143,-0.5448165984114921,-1.2880225135540322,0.04936752886717627,-1.2851338955346383,0.04731866852288687
46.54,2.474942392475282,-0.542869338134993,-1.291265956905583,0.04995008096126286,-1.2862046750193747,0.04698065931747034
46.550000000000004,2.4631124938697355,-0.5399972835155576,-1.2918145211056773,0.05000773307176155,-1.2867166178741432,0.04806160131408913
46.56,2.448077767418973,-0.5365473249668354,-1.2958080057652863,0.04998170048477301,-1.287104672397264,0.04625461273431017
46.57,2.4339890462275506,-0.5343658000326925,-1.296614044365884,0.04805899206654393,-1.2875802638468292,0.04667406904106655
46.58,2.4193068647695384,-0.5302479154981976,-1.3010741878129513,0.04936584474624428,-1.2895160717578327,0.04612556966338524
46.59,2.4032233147727444,-0.5284894483387079,-1.3025242894396858,0.0500076232294024,-1.2891189858829133,0.046926366753618144
46.6,2.388117712813534,-0.5246029288831114,-1.3028929981375366,0.0490389989592383,-1.2913924549630824,0.04611002382362415
46.61,2.373569143124394,-0.5227448147475167,-1.3044593699353504,0.047555160376193825,-1.2912208809350154,0.04596322004843845
46.62,2.3577770675949368,-0.5179713450340316,-1.3089603779301582,0.047475424882627015,-1.2930731272759874,0.047513359506773094
46.63,2.341264916018573,-0.5162222134603034,-1.3135353561608794,0.047240509448396584,-1.2934559880305143,0.044835882255766395
46.64,2.3257894153827072,-0.5133540599819123,-1.3123157842030817,0.04826538830362759,-1.2947209633291497,0.04759474129759183
46.65,2.3095921219830506,-0.5101495852883541,-1.317388178028274,0.04482433562724385,-1.294763963361326,0.04552032716416355
46.660000000000004,2.291536513290985,-0.5068801696228279,-1.3197249688359876,0.04588418605515287,-1.2972496325664729,0.045848758290391395
46.67,2.273263531455973,-0.503069086018735,-1.3215506881442218,0.045103214837333934,-1.296189858527054,0.04616887238507015
46.68,2.2576877684279744,-0.4994687911822156,-1.3242172706713788,0.04526832690433139,-1.2976645561133102,0.04630591892786845
46.69,2.2393443173453176,-0.4948527745691787,-1.3275856376005555,0.04588602814610009,-1.2987561965472103,0.046644456227726803
46.7,2.2201900313998646,-0.49314009466500347,-1.3301715686282711,0.04447295091423759,-1.301080376340372,0.04612109754021188
46.71,2.2016403533902205,-0.48888004231214655,-1.3323590128269154,0.04479183617767028,-1.3016806583718559,0.046239594231629474
46.72,2.183586628851502,-0.485015573887606,-1.3355764603933498,0.04461187951526237,-1.303690736225601,0.04676763383337563
46.730000000000004,2.1645890023983956,-0.48288401899779043,-1.338999893453607,0.04285685663509635,-1.3040931504024023,0.0474203864781656
46.74,2.1455708196098118,-0.48036555976397327,-1.3405358673060292,0.04257857152991961,-1.3040973588593219,0.04571108986610207
46.75,2.126735785239556,-0.47370168237464305,-1.3431963724227522,0.04209038869884202,-1.3069158575712974,0.04448770492969208
46.76,2.1098838766575705,-0.4717686424899813,-1.3456261269203957,0.04233667592885345,-1.3080593989193445,0.04602815438323116
46.77,2.087766049631675,-0.4665470767465033,-1.3488776467551804,0.04190543425104789,-1.309546000252333,0.04492947076892858
46.78,2.0663073353656625,-0.4636806216427164,-1.3525686895908027,0.04103866369435907,-1.310575946174187,0.045924669016795344
46.79,2.0478122006798283,-0.459785834300099,-1.3558765107948378,0.04186499514365458,-1.3111612993918411,0.04547637672086422
46.800000000000004,2.0266100767681,-0.45576894744818863,-1.3585027617839798,0.04110140797629435,-1.3102049540620715,0.04600880321541388
46.81,2.0078359763881197,-0.45138201599848554,-1.359785758753647,0.04108228957008229,-1.315029129551638,0.04620735733246398
46.82,1.9867649901109146,-0.44955692549077114,-1.3632217374151094,0.04175669549384387,-1.315103742243806,0.0450093862141965
46.83,1.967079111592395,-0.4446839454552797,-1.3679175284331817,0.03944069165495336,-1.3158974442113365,0.04453105908742474
46.84,1.9469233080057384,-0.43886532711229675,-1.3710053737055365,0.03962778701531139,-1.3162418584475601,0.045720989637209795
46.85,1.9268367375955278,-0.43704259372161136,-1.3733054394633901,0.03915344841506721,-1.3190204086357555,0.04764278028316824
46.86,1.906406068816931,-0.43202850666488174,-1.3768268068241791,0.0384331137475544,-1.3195715170363154,0.04465579737465319
46.87,1.882084217246068,-0.4261678556238554,-1.3804249752454198,0.03847729574814753,-1.3212740225509583,0.04577191738984098
46.88,1.8606539903280013,-0.42436088365948343,-1.384631230991915,0.03914807652072256,-1.3232809576172084,0.04453892394466741
46.89,1.838840609139535,-0.4203508658545306,-1.3871939128406996,0.03845774893118801,-1.3233120397882077,0.04517133913653107
46.9,1.8194551022105576,-0.4158308503880821,-1.3879128620938168,0.036671525031176114,-1.3240418931744928,0.046212351602085255
46.910000000000004,1.797131716627923,-0.4111534705839887,-1.3936890206265302,0.0370075102045602,-1.3256046674767172,0.045330046021793496
46.92,1.775064984782614,-0.4055097682025819,-1.395988034166533,0.03496162033409931,-1.327354087593602,0.04404410218169839
46.93,1.75506965510109,-0.402980096429023,-1.3997544960137283,0.0351910936956593,-1.328561308815663,0.046061673667303564
46.94,1.7335961521919934,-0.39803561989824826,-1.4043800473676076,0.0353408222612034,-1.329367210379964,0.044694470947486936
46.95,1.709444747629897,-0.39570013585506547,-1.4049920774541882,0.034039514277778946,-1.3308522450644367,0.045160119101142544
46.96,1.6889323410516357,-0.39065112443499095,-1.4088941512944966,0.03468550900828513,-1.332747837999914,0.04530213801981346
46.97,1.6660906960507864,-0.3857445615381776,-1.4134642481427429,0.03368492594092025,-1.3330643326121037,0.044862603953853254
46.980000000000004,1.645011994021312,-0.3809237986676345,-1.4170103987986442,0.03423782048842208,-1.3339952093857632,0.046197038910237714
46.99,1.6253129110720441,-0.37828259157949345,-1.4202123240802622,0.03408968907961614,-1.3353161348998932,0.044449326219430506
47.0,1.6019230717300208,-0.3711226810387691,-1.4226586630750155,0.033755904739199864,-1.3360740370590998,0.04728493069723589
47.01,1.5798008743330265,-0.3681843034409042,-1.4267331837421577,0.03254517865675055,-1.3391529532221604,0.0434153575167461
47.02,1.5562827757296127,-0.3646819775154241,-1.4289464400924932,0.031188110057454102,-1.3387170994694821,0.04405262932217247
47.03,1.5360189458696378,-0.36120246323360805,-1.4325366777814674,0.032455198302245296,-1.3407270433634153,0.045599654760242844
47.04,1.5144397404117025,-0.3577386864045639,-1.4349271328724627,0.030320292864541066,-1.342790680891027,0.04463607734295006
47.050000000000004,1.492413028243451,-0.3528456549585668,-1.4393374487628534,0.032233468392674214,-1.345136572196966,0.04490130051120791
47.06,1.4693529758127963,-0.3476372572556754,-1.4431086642760422,0.030430390254319477,-1.3464677201557254,0.04599139751139008
47.07,1.4486589075348166,-0.34391868947378756,-1.4450184527067045,0.02888174227048665,-1.3471507809254306,0.044973674302763056
47.08,1.425388970880027,-0.3413077854516393,-1.4497169225416888,0.0285563237633945,-1.3482128314564743,0.0452422494689831
47.09,1.4059818749175022,-0.33412320616440144,-1.4522677930342405,0.02926632152436928,-1.3492289719382933,0.045027020760301004
47.1,1.3841542581453925,-0.3307509559502966,-1.4546828087020267,0.029165957143754716,-1.3491792007869006,0.04473221706444252
47.11,1.361838838637092,-0.3278168094921154,-1.458799453191371,0.02734987541315866,-1.352316954046698,0.043675660214546976
47.12,1.3413338636465235,-0.32300556345662057,-1.4634594395286757,0.027309383366296156,-1.3514678179089605,0.04518160313945558
47.13,1.3201950266223113,-0.3198024902509046,-1.464858154792853,0.027454185635655905,-1.3550285803902873,0.04416295026936334
47.14,1.2982641649856652,-0.31645200657086753,-1.469440127429289,0.026881629317920888,-1.3563392842336832,0.044293310033347986
47.15,1.2762713951572366,-0.3104068607178574,-1.4696276861296298,0.0275434630172929,-1.3558714562087741,0.04506456952976492
47.160000000000004,1.2570300642826462,-0.3070086633009335,-1.4753801457958546,0.02684277268621416,-1.3575587015251924,0.04407661733719431
47.17,1.2365196858239729,-0.3036941003235688,-1.4782503471230881,0.026513346641564465,-1.3589762666625749,0.044241000193390806
47.18,1.2151643362796145,-0.2989682326023325,-1.4823985500675136,0.02477483189668199,-1.3616901901298957,0.044416753949376594
47.19,1.1959774704026627,-0.2947659983084715,-1.484316786160507,0.02442163082013124,-1.3624690982534784,0.04611468001146829
47.2,1.1748071395585218,-0.29110066042039906,-1.4887621481454256,0.023612956671924343,-1.3630652076020953,0.04389851958387457
47.21,1.1547524299329794,-0.2872953672169153,-1.4894199599050781,0.022620911694050217,-1.365196493498545,0.044210185347135736
47.22,1.134135878430787,-0.28382965785113706,-1.4928464637820296,0.02321395409744131,-1.3652590101124367,0.04473601120907423
47.230000000000004,1.1150056742869237,-0.2791242019453807,-1.4978079182904878,0.022968158584549925,-1.3658318914121346,0.043471516161835415
47.24,1.0945151460248164,-0.27609440142303837,-1.498868132374316,0.02263221579033278,-1.366174131147148,0.04444067128987904
47.25,1.0752371837044827,-0.27350967401681875,-1.501410624583426,0.021913349646912512,-1.3670649117952178,0.04452932212924013
47.26,1.0573564430208906,-0.26834528528475754,-1.503666449221384,0.020258720128533806,-1.3711416385837583,0.04502390699876161
47.27,1.039232453413728,-0.2659900749077598,-1.5090809517890387,0.022126496738829077,-1.3708034103507107,0.044216028285632425
47.28,1.0191455053853002,-0.2629201948356334,-1.5106368551643694,0.021418691566079423,-1.3728277173158503,0.04237935353182842
47.29,1.0012086042274928,-0.25698426655449796,-1.513784743552237,0.0210934602696543,-1.373891643036551,0.04359537541503445
47.300000000000004,0.9828622994231083,-0.25376884055026727,-1.5149000498471141,0.021819933136585545,-1.3747026996625857,0.046467915379785237
47.31,0.9657574235572592,-0.2513212287613516,-1.5184381829030567,0.01881637077178551,-1.3756094064915767,0.04541589604336669
47.32,0.9490505032708576,-0.24742666030684732,-1.5209301846671122,0.020731448270511047,-1.3749712780217311,0.04306556665544656
47.33,0.9314110250263055,-0.2442199645255962,-1.5248794814614572,0.019586891254734527,-1.3784560213724881,0.04425774732413048
47.34,0.9103797234539557,-0.24049176959347815,-1.5258760531351665,0.020819837175389117,-1.3781907308225163,0.04510114092201439
47.35,0.8942847964656644,-0.23699426937308732,-1.5309583554613064,0.019095289328410304,-1.3794665345496728,0.04424674973564641
47.36,0.8767005420398214,-0.23445351113239296,-1.5317488497098957,0.018494506135141413,-1.3801745841300765,0.0436109926565203
47.37,0.8616963664896168,-0.23136798348761267,-1.5330765169558116,0.019542642499308056,-1.3820631210276342,0.04625823667545024
47.38,0.8447562365258618,-0.22694338188808236,-1.5372692964271126,0.01890804091379699,-1.3821575309819154,0.0428586411647341
47.39,0.829411559770656,-0.2231289449940232,-1.5395407907242837,0.018274668274077414,-1.383424185335095,0.04367608338059419
47.4,0.8124051117478063,-0.22102812024433943,-1.5411672428817276,0.018583427071127735,-1.3844502448998013,0.04374119601787986
47.410000000000004,0.7989257070910796,-0.21966213909140092,-1.5421205908991333,0.016994427798981755,-1.385886776821209,0.044785160231543414
47.42,0.7838002180859733,-0.21611342612432388,-1.5453771282437296,0.017576030704554838,-1.386573624836173,0.04443532390416533
47.43,0.7677625790895,-0.21284376205721683,-1.5472522539125257,0.01728599482727438,-1.3893078382030282,0.043493531114981866
47.44,0.7534060988338671,-0.20917453100483754,-1.5504577182833723,0.017488098344534124,-1.389277611414905,0.04391902098641475
47.45,0.7403776867637675,-0.20516874201731733,-1.5512082589113534,0.01716067653071747,-1.3872906909211171,0.043800430474058336
47.46,0.7265037031678376,-0.20511206140433103,-1.5540222232377379,0.013503017317530255,-1.3898841504934,0.04372595036757318
47.47,0.7129922061446304,-0.2036678247582935,-1.556463356212495,0.014319964056560885,-1.3891451260934156,0.04327926904012964
47.480000000000004,0.6981868052214392,-0.19998004329255528,-1.5575272549035382,0.015556237471406333,-1.3922781160432012,0.04288835498896165
47.49,0.686918977392778,-0.19771386874315697,-1.5613351650661906,0.015094104077525329,-1.3934127267941752,0.04428540656462771
47.5,0.6756128411850336,-0.19579888368928194,-1.5627396476048885,0.014540823682776757,-1.3930249654016873,0.043658907564960395
47.51,0.6629197439737587,-0.19219628854152504,-1.5625870994808548,0.01472590323001612,-1.394863027062356,0.042008637421487756
47.52,0.6521114386189044,-0.1898555703019312,-1.565542048551777,0.014834764840945747,-1.394295649445169,0.04376968356460524
47.53,0.6388596438088784,-0.1871638818243654,-1.5679093475659218,0.01343083744225373,-1.3966002327784488,0.04316354028566862
47.54,0.6291258056467783,-0.18633258066336467,-1.5703331969520418,0.014250341736634435,-1.396362016457354,0.044702051680832765
47.550000000000004,0.6181276843007972,-0.184955890883975,-1.5709103900555577,0.013131888495517881,-1.397455648005659,0.043282663678093185
47.56,0.6074104450467289,-0.1818962772114602,-1.572786953550177,0.01166143238933678,-1.397652861011052,0.043794162368412
47.57,0.5953687457604715,-0.17874879348768002,-1.5743730695240978,0.013558097335622608,-1.398028859881568,0.04226784336717695
47.58,0.5871047456505057,-0.1784979596262649,-1.5760672156533093,0.011124336715939707,-1.3971322390191239,0.0432820966996634
47.59,0.5782042509355566,-0.17560793282004683,-1.5758004919631994,0.012521048795661086,-1.4000350240436932,0.043925269679327486
47.6,0.5682074118379468,-0.174794149445129,-1.5774929802818096,0.0131042546704944,-1.398827828995434,0.042351056546420594
47.61,0.5601387164313469,-0.17269407676519316,-1.5785188637362924,0.013508873889984145,-1.3993144046146937,0.043130462252811363
47.62,0.551432321934157,-0.17008824697403993,-1.5802101061368496,0.01267580121466316,-1.399799890627571,0.04275345182259887
47.63,0.5439963784445792,-0.1709572751597657,-1.5819332422412196,0.011986336521555011,-1.4014681123162551,0.04346392775057853
47.64,0.5338881171054906,-0.1661078711891299,-1.584316804295441,0.01135854605266568,-1.4022891326744635,0.04335679311589233
47.65,0.5282819436591283,-0.16608675555246655,-1.5829758104318212,0.011321285438586485,-1.4012496814543143,0.04290525705351671
47.660000000000004,0.5204509514114257,-0.16420166862438274,-1.5868117863280755,0.013641629014525872,-1.4023794769348763,0.041755258816950296
47.67,0.512829136042714,-0.16376619981430646,-1.5869650571705554,0.009984311094853746,-1.4025768890858856,0.04251521020990093
47.68,0.5075074705174074,-0.16353648287464026,-1.5853632440813397,0.01209324885269326,-1.4028788641920678,0.043677164494756025
47.69,0.49917558559205094,-0.1618482165178308,-1.586709206517981,0.01124547946813299,-1.4034754589057834,0.04271519606012277
47.7,0.4961859433807421,-0.16049947219982721,-1.5902383583224649,0.013661281046937179,-1.4049716106285048,0.04302678959347658
47.71,0.4886289944348429,-0.15982999207540574,-1.5909044920395812,0.010831691340278246,-1.4032452345289659,0.04144201221833128
47.72,0.48522815036692357,-0.15725912610594447,-1.59032265852449,0.01131111790782074,-1.4041763455176912,0.04433456291258722
47.730000000000004,0.47767262449641773,-0.15662401591194214,-1.5921596356486518,0.011825619887312138,-1.405248803693978,0.04370040064775903
47.74,0.4732118952942971,-0.1578430940121305,-1.5923037839726348,0.012267578747372035,-1.4045230050815913,0.04353695570308062
47.75,0.47097439118130113,-0.15587635891588078,-1.592324656572002,0.010424517098704124,-1.4055251100358173,0.04290174448501359
47.76,0.4656957960352817,-0.15480687217388614,-1.5936890507796597,0.01023395571718044,-1.4056166203604614,0.043195634599163216
47.77,0.46144155073980503,-0.1536584478518711,-1.5944646855736324,0.010951084876325661,-1.4063004816870424,0.04397009505089962
47.78,0.45973998780949,-0.15426496492273062,-1.5941013678648492,0.01197218689515606,-1.4067568536891493,0.04228877828750216
47.79,0.45631905741341516,-0.1538679656257555,-1.5957234150583273,0.009761782864590984,-1.4054705744880707,0.04243702522710173
47.800000000000004,0.4524614926761696,-0.15280846009190718,-1.594488892895451,0.009839523401244037,-1.4075291067761166,0.04177338748566944
47.81,0.45059987292975395,-0.15096390382937597,-1.5948098868594252,0.009436221187663029,-1.4066652523701264,0.045149291683172096
47.82,0.44725955370969,-0.1516477790257061,-1.596289374730762,0.01095099750629602,-1.406163706279204,0.04249044098060786
47.83,0.4447771160153359,-0.15098405247564972,-1.5972443414632034,0.009367477205744372,-1.4051678453657512,0.04266750770808145
47.84,0.4429726048186105,-0.15061663305607004,-1.5969796290581384,0.010785298838073073,-1.4072719673932768,0.04401327961695625
47.85,0.4420072793019219,-0.1501593643240187,-1.5977603292029932,0.011317783250001871,-1.4071148596003953,0.041931280136308556
47.86,0.44079070107626533,-0.15032104350746667,-1.5966594932239784,0.008146024550016989,-1.4073902199510708,0.04402519928876978
47.870000000000005,0.438514470863852,-0.14889747623980104,-1.5984134465414168,0.010616518134491755,-1.4071485136524682,0.04322278793083428
47.88,0.4390853003014262,-0.14804893839880084,-1.5971163070652794,0.010991809746468057,-1.4080173539496992,0.04259705016108544
47.89,0.43493795348086045,-0.15009681368862915,-1.5987360238270942,0.010244176727090076,-1.4083547373592755,0.04297224150716305
47.9,0.4352728168968982,-0.14981142084031693,-1.5967615933719386,0.009096827961452818,-1.4063626968467777,0.04103763700893974
47.910000000000004,0.43456481990854173,-0.14972834667331544,-1.598772046481859,0.011818371335553536,-1.40768358258551,0.042039672897844264
47.92,0.4345332789532548,-0.1488816851151902,-1.5981567995884292,0.009429388611801532,-1.4081706735366526,0.04231514812816069
47.93,0.43434712909545753,-0.14868105901362774,-1.5992718752850705,0.010359712412956492,-1.4073736825723706,0.043502270405399904
47.94,0.4328826400891713,-0.14848389522181576,-1.5980413304487613,0.009330912128991495,-1.4066904794459492,0.04301543335501776
47.95,0.4320908751589974,-0.14933504326509753,-1.598533858711977,0.009726682838402993,-1.4068204035589258,0.04275039363623087
47.96,0.43314590065825176,-0.14907552131684945,-1.598492784626087,0.011351553357547284,-1.4076183918706893,0.04251777373533579
47.97,0.4320233175120506,-0.14833124140707493,-1.597258543048738,0.009011540657837817,-1.407538938774156,0.0415045031942557
47.980000000000004,0.4323648658178727,-0.1480751271815142,-1.5998756749423044,0.009812278645502328,-1.4072450938750922,0.04311448094595445
47.99,0.4329986970183263,-0.14915105479538016,-1.5982463971829135,0.009676450494681493,-1.4068767180313155,0.04098358152355726
48.0,0.43244726814012013,-0.14821371345701834,-1.5973223983842866,0.01027574470533771,-1.4073356896849296,0.043327677039804585
48.01,0.4337935248732086,-0.14863326574437208,-1.599724436604495,0.008808494997646039,-1.4069203802916597,0.04319478484815331
48.02,0.43247629899506956,-0.14881146390411515,-1.5983421936950903,0.010383018041221099,-1.4070812695000157,0.04203250558779649
48.03,0.4311603529427737,-0.14909720259194567,-1.5996790823607006,0.008975716164062965,-1.40613014661575,0.04102166757069643
48.04,0.4331098946849112,-0.1475084947423618,-1.5976382745444067,0.010441930574699118,-1.406348161499005,0.04455630985918777
48.050000000000004,0.4324362536545789,-0.14790950727602967,-1.5973866596342725,0.009447798621247783,-1.4077137224668137,0.04245386765124959
48.06,0.4331022791732699,-0.14995640407501679,-1.5972463064542686,0.010665825379187659,-1.4069851792082126,0.04093761934020529
48.07,0.4317923074068118,-0.14699932027902501,-1.598654815827558,0.008695470410369246,-1.407306598182483,0.043592677252721396
48.08,0.43316381459910536,-0.14843125331035228,-1.5975090338213271,0.009587378972905224,-1.4070286834065975,0.043117825121338306
48.09,0.4325838602541228,-0.1486307370525913,-1.5987998409274602,0.01022814641541448,-1.4077554470860192,0.043639724180478186
48.1,0.43223226457445996,-0.14693140792335174,-1.5990067288755205,0.0110029219506766,-1.406659434713794,0.043144742044482876
48.11,0.43276698571944444,-0.1489361437281281,-1.5989512299632165,0.010391797369716746,-1.4075393882403304,0.0440324357099641
48.120000000000005,0.4323032955676562,-0.1486438861154338,-1.5999527515126868,0.01076158400250818,-1.4070172255036537,0.04385266480733552
48.13,0.4336018432757047,-0.14761151426321756,-1.597774714510361,0.010732385428774154,-1.40683320279215,0.04139258517137088
48.14,0.43174025154984946,-0.1494023447410649,-1.5973915649444452,0.009516738890677416,-1.4080435497925288,0.0430058095610588
48.15,0.4316146849404179,-0.14796791203246146,-1.6003591161694755,0.009172446411471592,-1.407326500145639,0.04191646798130775
48.160000000000004,0.43383369005071337,-0.1482596135709934,-1.5975120824411655,0.010512341200254875,-1.407510410688225,0.04213033545976385
48.17,0.43351083306326865,-0.14791493266802963,-1.5966808015177807,0.010922915697247865,-1.4078467995196704,0.04325256796862758
48.18,0.43306838488013,-0.14728512743336622,-1.597346450845426,0.010058649886922795,-1.4085607422473383,0.04138222061482303
48.19,0.431705555496929,-0.14881642237072373,-1.5971872197374093,0.011526018689134785,-1.4066621022854435,0.044073725573042455
48.2,0.4320826833829258,-0.149622362471485,-1.599378361857466,0.008424285815738671,-1.4084721093431334,0.042558477971086944
48.21,0.43284547640695265,-0.1481817912487305,-1.5991018214896189,0.0106965007398909,-1.4080850689964446,0.043008765654927755
48.22,0.4317313577618228,-0.14734995854729943,-1.5984818183593863,0.010792386578676705,-1.4085613289473111,0.04315221380413827
48.230000000000004,0.4331994553958011,-0.15008361070356152,-1.5974806430669675,0.009109671362594905,-1.4073159548423557,0.04456006509840027
48.24,0.43353331008012347,-0.14960021611728316,-1.5986553649362079,0.011276370517352929,-1.4082127706637102,0.04268594567944606
48.25,0.4323615087623636,-0.14780254719408056,-1.5998412780499651,0.010746384238837852,-1.4080434948125315,0.042990106597020544
48.26,0.4325037627823533,-0.14777660469418166,-1.5985183609982598,0.0114570161838541,-1.406636560257472,0.042305950015687446
48.27,0.43389144706448257,-0.14802126545982658,-1.5983517488131131,0.010940202035198401,-1.4084085735667642,0.04179621301627442
48.28,0.4327217655358374,-0.1488290981658673,-1.5966903391583147,0.00953300251719213,-1.4074648775632006,0.04316752060499818
48.29,0.4337744894039988,-0.14916791822233383,-1.5999067924484738,0.01141687392947616,-1.407429734018085,0.043706633655668
48.300000000000004,0.43344760937392346,-0.14740114795145556,-1.5988297480822813,0.009633697244470312,-1.4092420628996691,0.04213178471061738
48.31,0.4327542370592533,-0.14891208369068365,-1.599495623824195,0.010244001111410229,-1.4063280619839937,0.04295111695866456
48.32,0.43171142841542154,-0.14718959996292288,-1.5991755449139877,0.011490995371273691,-1.4077296273821909,0.04308999799676084
48.33,0.434062136172039,-0.14947940398616003,-1.599416389724248,0.009915033145223228,-1.4076221450380244,0.0453056408368156
48.34,0.4319250202985783,-0.14943817065213144,-1.5993166700122488,0.010402574297781401,-1.4070706177944394,0.0423829501078551
48.35,0.43271835749828247,-0.14660249072830478,-1.59846930970993,0.010480116638590614,-1.4058515468070452,0.04239085765061503
48.36,0.43203380021611976,-0.1487098749544373,-1.5989606888344083,0.008610866273379585,-1.4073795773928126,0.04318931700039243
48.370000000000005,0.4325378078181225,-0.14808404094949304,-1.5982747575456313,0.009051440733843428,-1.4072481141285016,0.04348739373430133
48.38,0.4313062660476275,-0.14702319040354905,-1.5995784357184832,0.009206699858382227,-1.4073237607433071,0.04346661272028004
48.39,0.43337864623817374,-0.147810441833608,-1.5989535264366534,0.010294737600577742,-1.4077763470329208,0.043152069697284474
48.4,0.43275973970525206,-0.14874061588293847,-1.5988030047929478,0.008583646805189256,-1.4067755748968638,0.04325966791054884
48.410000000000004,0.4306870418301439,-0.14760783709072917,-1.5985462754927213,0.009382468478199622,-1.4083948522806389,0.042399412858506874
48.42,0.431887090792817,-0.148995677768251,-1.5970159166776254,0.010523868527085799,-1.4057232458174265,0.04319699410457332
48.43,0.4332055047029699,-0.14906856026792217,-1.598646632425524,0.010128720604002241,-1.4069588672580864,0.04295681742950989
48.44,0.4330065910741749,-0.14802464998317455,-1.5987642931775203,0.009845967758993674,-1.4080838066436832,0.04394448814400159
48.45,0.43243607863101907,-0.14801298278227842,-1.598636620128032,0.01112730860973337,-1.4092349337742829,0.04326439106699611
48.46,0.43160488399811253,-0.1479590486220902,-1.5986278859914287,0.008909886556184347,-1.4072053537017157,0.04319563554380756
48.47,0.4324982214751403,-0.14839125068057943,-1.5983590549915974,0.011228191092959633,-1.4077743019391689,0.04388403715335195
48.480000000000004,0.4326673184736263,-0.14716925822850335,-1.5987051998161634,0.009618522426836744,-1.4084579034563345,0.042970490420205065
48.49,0.4320078259160592,-0.14707435270713762,-1.599260276366919,0.009597841014353738,-1.4069929093259905,0.04403479869031017
48.5,0.4333379574371548,-0.14737612333277939,-1.5985700017528506,0.010142294930773591,-1.405744410073172,0.044475037715027886
48.51,0.43332325913663167,-0.14733430361967498,-1.5977507889222915,0.009147588752278661,-1.40753460299371,0.044306181975125196
48.52,0.4333286145196472,-0.14835549244735652,-1.5971833604385413,0.010522276711362659,-1.40684063237754,0.043326840344048816
48.53,0.43317225316548397,-0.14776534529060592,-1.597365820407735,0.011447872473502724,-1.4078936512626663,0.04331024194885703
48.54,0.43380916452254314,-0.14841480723635395,-1.5996422273833562,0.009407054864668866,-1.4082326709279063,0.04260016339111227
48.550000000000004,0.4320487929518344,-0.14740193552477363,-1.598741574585417,0.011300518854415346,-1.4084863670222996,0.04269166771043949
48.56,0.4327909991580163,-0.14759256429776776,-1.597501997376661,0.00973022954178642,-1.406633078808901,0.04153227162777974
48.57,0.4334603799018146,-0.14947030001499903,-1.5981102296326986,0.011185401139352505,-1.4067257454676865,0.04156954742174781
48.58,0.4323097160944341,-0.14767435782589153,-1.597899349376183,0.010440795390536179,-1.4094212647693651,0.04404549486125796
48.59,0.43390101375836404,-0.14815711002434573,-1.5983005281203138,0.010639002998645328,-1.406225523227159,0.043218649772955246
48.6,0.43253316864964836,-0.14796706089285705,-1.5985096951975095,0.010200217708614935,-1.40904100300763,0.04345625663919632
48.61,0.43372228738200963,-0.1474095567837275,-1.597670103385118,0.010153746757892157,-1.4073728735393654,0.04403969498914797
48.620000000000005,0.43345690940984904,-0.14700290947613961,-1.5990870558453851,0.009607499150442558,-1.407790220612842,0.042177048760699366
48.63,0.43154681287236035,-0.14789103687039112,-1.598150453839825,0.010414872626157888,-1.4071912990398332,0.041722670580726075
48.64,0.43228107517756875,-0.1485560995298262,-1.598457670492123,0.008926116451907516,-1.4083096505468715,0.042619100694854604
48.65,0.4336235282343316,-0.14807147506263457,-1.597608515317657,0.010093158677745389,-1.4074991370277328,0.04343552589885192
48.660000000000004,0.43254535438864977,-0.14884517583049614,-1.5998000830392545,0.009678218832418052,-1.4067702889604272,0.044100145729239405
48.67,0.43202529332166534,-0.14981297137252703,-1.5976913794686676,0.010260474495885918,-1.408675520110646,0.04028532411735981
48.68,0.43185926561325144,-0.14870399648190347,-1.5995050050183952,0.010803802210481427,-1.408209099197795,0.04301082273853697
48.69,0.43477126014247786,-0.14819749567904425,-1.5986008088043506,0.010118905266056943,-1.406916174735274,0.04347567643453538
48.7,0.43182423350690424,-0.14865879861503697,-1.5990823543644612,0.009953347330355194,-1.4059059724669718,0.0435388246101573
48.71,0.43263039399336545,-0.14721394079001898,-1.598335527788417,0.00877053139171309,-1.4060479168690505,0.04286351617786765
48.72,0.4307312452652507,-0.1496959372103248,-1.5975159088236233,0.008818223216980097,-1.406322579465057,0.043070727363821094
48.730000000000004,0.43332299017577297,-0.14852410587462986,-1.5980432780037466,0.010476256999614023,-1.4075336238935294,0.04207022930721417
48.74,0.43301287503089797,-0.14988565265451514,-1.5976871117474867,0.010371910601200214,-1.4070949121278817,0.040716318203858584
48.75,0.4317176120180397,-0.14874136426567322,-1.5979121048328901,0.009377242246390466,-1.4052764472567139,0.042770216385695906
48.76,0.431813376662644,-0.14846305727272885,-1.5993298582095878,0.009166467080160383,-1.4066177538415952,0.043447886926150925
48.77,0.4331504209843996,-0.14718582274258768,-1.5980752985707467,0.009268511608387533,-1.4068815918118383,0.04201683969315591
48.78,0.43228283255209476,-0.1483398965814473,-1.5986284389601555,0.00863689782568684,-1.4083443942595417,0.04298035749491119
48.79,0.43216707531023535,-0.14731715461597056,-1.5973677300688875,0.009222278785343858,-1.4074478541459878,0.044381181561671715
48.800000000000004,0.43258287278194224,-0.1486551565916184,-1.5977493155974223,0.009960713790309484,-1.4063909565469221,0.04248098574322848
48.81,0.43228584389794916,-0.14761045840216266,-1.5984122590491512,0.010294602131292073,-1.4091662060397934,0.04269158869068551
48.82,0.43345401492352453,-0.1489839159784492,-1.5978885517645502,0.010433865237771345,-1.407674284309605,0.044184864465126664
48.83,0.43240343014037447,-0.1485357477608639,-1.5986842512538828,0.010270271238721908,-1.4068307032601417,0.041714953172100736
48.84,0.43345751239938457,-0.14824057322521608,-1.5980165136206281,0.01228728324923717,-1.4079465079326108,0.041931273313965574
48.85,0.43286912155671736,-0.14799267645943442,-1.5977393773705504,0.009730177660067181,-1.4082244049021648,0.041662230563795484
48.86,0.4315066367710682,-0.14866299551627815,-1.5986017395495007,0.012002169534952667,-1.4089770575861802,0.04329269287374513
48.870000000000005,0.43206650146007947,-0.14810551209397718,-1.598982789376354,0.0111035435034175,-1.4066018619494733,0.04290130072655357
48.88,0.4339558620891599,-0.14763668005144104,-1.5972847630529046,0.010162355680161297,-1.4066693989013908,0.042329563980527944
48.89,0.4319410793239637,-0.14639774327298674,-1.5994476019853572,0.009819426041152981,-1.4091563234194955,0.04226184517547369
48.9,0.4318323657932675,-0.14888493898828586,-1.598238302033813,0.010672142439518079,-1.4083786070578164,0.04231088593784168
48.910000000000004,0.4336455410491373,-0.1468118510619206,-1.5974040057843235,0.008763305069408946,-1.4064620464609279,0.04461764869268519
48.92,0.43122000504939334,-0.1473551655235008,-1.598303461426842,0.009914518493004242,-1.4074073379848817,0.043386817819192694
48.93,0.4337101835267548,-0.14733482024430608,-1.5998150421651556,0.009633926671661243,-1.4074183486796903,0.04437201967604392
48.94,0.4303198146311062,-0.14883305445131811,-1.5998333361432304,0.009004992645414461,-1.4066397838516032,0.04253584225796115
48.95,0.43066346432972813,-0.14843826415451472,-1.5967233774409197,0.008623364502431386,-1.4070349244045544,0.04436807966061077
48.96,0.43265687057572355,-0.14661750232205853,-1.599075793561558,0.01146182072271971,-1.4064441305870885,0.04297160988206081
48.97,0.4314021695419355,-0.14917417427028645,-1.6005456891481702,0.010718493623406726,-1.4070860947235502,0.04306913026808164
48.980000000000004,0.432592911966986,-0.14711527770603366,-1.5982401220731495,0.009715980791326944,-1.4073715191066736,0.044786785281131516
48.99,0.4332429430362314,-0.14864026783270906,-1.5985388095282484,0.01060437422971083,-1.4078674668883189,0.04255533850911942
49.0,0.43269011971687416,-0.14697434379277874,-1.5978097427769673,0.009842618649278172,-1.4067416431588273,0.04300748171323718
49.01,0.43300361019036027,-0.1480792302486533,-1.6003411105279792,0.007540666856686679,-1.4073020616883778,0.04225574335137932
49.02,0.43129250028774335,-0.14902177516793544,-1.5976896346876157,0.010512710021464176,-1.4068251312295221,0.04339544183792034
49.03,0.431975297364798,-0.1476371978155724,-1.597977247907821,0.010098977748532034,-1.4074440296239472,0.04369169550020037
49.04,0.43222742473512066,-0.14738560270691523,-1.597979579337887,0.010205502060184132,-1.4061528697057804,0.041870808626658304
49.050000000000004,0.4326501031214816,-0.14896313846641382,-1.598134623710523,0.011238695494683518,-1.408336770537221,0.04588522312129905
49.06,0.43272472700630316,-0.14810144560047658,-1.5984069702351256,0.010252017965534165,-1.4081553642601072,0.043932693627286495
49.07,0.43290517786349286,-0.15002679455017637,-1.5993362231212427,0.011479774101275783,-1.4063518004397835,0.041250063957623984
49.08,0.4348178494170212,-0.15030080011929053,-1.5983120824212287,0.00917343869211799,-1.4066382762264515,0.043486562250230336
49.09,0.4355437859693287,-0.1489408671856277,-1.5983678929980518,0.008930374808899666,-1.4082800636811874,0.04383132513590292
49.1,0.43572773214228017,-0.14873057004041162,-1.5969915170300195,0.009118106593450713,-1.4067092990907408,0.04197585585506389
49.11,0.43756507159887,-0.1485137481028464,-1.5971206908993578,0.009657290409379144,-1.4053814756709464,0.04475049471793426
49.120000000000005,0.43768126941352825,-0.1481617983029338,-1.5980708975660844,0.0091826883846659,-1.4065295075550575,0.04220602572140009
49.13,0.43965337622928885,-0.1485050190164516,-1.5974210930060269,0.010469553257200294,-1.406288471058638,0.04325004121047638
49.14,0.4395466947439363,-0.15100885924387608,-1.5965806052549594,0.01065991535931261,-1.4046637341481627,0.04292923745012511
49.15,0.441749162710552,-0.14970871841938851,-1.5966110377606708,0.009527245203547632,-1.4070408341349214,0.04373805428863479
49.160000000000004,0.4429878587732735,-0.14964860769975674,-1.5968249702247803,0.010756598031266917,-1.405861454934089,0.04282060091003605
49.17,0.4440206764234748,-0.15095776770558164,-1.5973276534786158,0.00858995660757119,-1.4068386779838578,0.04319630344000513
49.18,0.4484141570408944,-0.15215034817496328,-1.5961937867608196,0.011472973613074425,-1.4071130610428777,0.0434945751344939
49.19,0.45138881269237763,-0.1532575102916808,-1.5956615204742515,0.01155144085588286,-1.4067695364006794,0.04424124972505491
49.2,0.4532633189166287,-0.15061136859125154,-1.594982863551435,0.012206124993793692,-1.4060389445872148,0.041842325134581526
49.21,0.45512694532102127,-0.1518385474379942,-1.5941733858983336,0.010376194424156228,-1.404548328094663,0.04273238914724661
49.22,0.45930877042938356,-0.1529702168321808,-1.5957205703426456,0.010613654474756751,-1.4038521822486916,0.04224225432839592
49.230000000000004,0.4629469163020614,-0.1550301361214085,-1.5948477932474219,0.009543920574405569,-1.4048986609705052,0.042292935731053374
49.24,0.4672779560745012,-0.15521289648172273,-1.5933552065040129,0.011210507409109225,-1.4069049129937174,0.04323785687345281
49.25,0.4705290738877247,-0.15453507914276782,-1.5936949601645005,0.010217391132314778,-1.404675516146287,0.04429996394840738
49.26,0.4740461476922833,-0.15744396359668503,-1.5924815154685779,0.01013055133042991,-1.4046438720311243,0.04213288261689058
49.27,0.48004512860457005,-0.157073152829963,-1.590632235280107,0.008990283525484819,-1.4062476123105596,0.04421160990943049
49.28,0.48349998768161967,-0.15948859295350679,-1.5909437842475442,0.011412499955981847,-1.404555652436055,0.04350082062659053
49.29,0.4896537596961728,-0.15897325146346855,-1.5888029380898308,0.011290548728008325,-1.4041419964836783,0.04380239350181182
49.300000000000004,0.49539020557713176,-0.16107388095060637,-1.589226310346149,0.011793267344709405,-1.404283780472023,0.042641250527347706
49.31,0.49955087836310474,-0.1639302383323281,-1.5885916308699688,0.011635925756019686,-1.4043765622493323,0.04432471393631191
49.32,0.5060258254983393,-0.16180780588075497,-1.5869714423891388,0.013544233835754154,-1.4025795010607476,0.04187127277094092
49.33,0.5143538679998595,-0.1623740583542757,-1.5879067811780934,0.01232918001986451,-1.4019105958678102,0.04295932789868126
49.34,0.5181383650350299,-0.16542744737749443,-1.5858420804325215,0.013239127552499902,-1.4023300381231683,0.0427974964395282
49.35,0.5268847582218794,-0.1662615147496983,-1.584211046352953,0.011353856003358241,-1.401594122913638,0.04268384607016876
49.36,0.532608106439445,-0.16740282633925468,-1.5826366722194534,0.012362989276242438,-1.4017627274835711,0.043120686474365025
49.370000000000005,0.5433901323053943,-0.17004096358173623,-1.5812130817853782,0.011053554271269658,-1.4007620792505127,0.04322007161274313
49.38,0.5516881136932877,-0.17185950744058634,-1.5814462731159187,0.011282075810811767,-1.4009156650452983,0.04343510976803829
49.39,0.5577166707511442,-0.17307654981771045,-1.5789325764238435,0.01257413426321002,-1.3998476833908031,0.04191311868765491
49.4,0.5680064857525021,-0.17436213514765822,-1.5782840013837938,0.012968704720340665,-1.3996551708472904,0.04284529626156656
49.410000000000004,0.5763312157248305,-0.17529877461506077,-1.577836497742404,0.013151192779840157,-1.397255017633408,0.044220877973738686
49.42,0.5871650194468774,-0.17775815394073083,-1.5754517602726725,0.012411342289649548,-1.398490557345089,0.04377840454367452
49.43,0.59687990059087,-0.17917974985900065,-1.5727993875337174,0.013250764931865494,-1.3975131232550375,0.041637120974665834
49.44,0.6086653062454446,-0.18218612545611482,-1.5717678175958503,0.013224993695676427,-1.3974538324284917,0.04310579868515713
49.45,0.6161033498251903,-0.18601121979496746,-1.5697466177706154,0.01426720239788861,-1.3972421508423902,0.04372584199911549
49.46,0.6287387190514097,-0.18653824165815114,-1.5687707818432688,0.01488038395156956,-1.3970490518234258,0.043816422825425534
49.47,0.6395027763345499,-0.18644371178135072,-1.5669652112721784,0.013860542887467825,-1.3953822934621658,0.045136738321143795
49.480000000000004,0.6503742797912311,-0.1897888199522091,-1.5659302384728975,0.015386507542430906,-1.3934488146990074,0.04337187357203085
49.49,0.6621606881531196,-0.1929557946725037,-1.565450421842434,0.014760979868425656,-1.3936562385502562,0.04270070365692044
49.5,0.673076950234077,-0.1947434194448021,-1.5618239894798756,0.01525435387827679,-1.3938613452136195,0.04378101546120336
49.51,0.6870134561963803,-0.1965757820093855,-1.5610866780336536,0.016156835896597246,-1.3909311124058008,0.04355850647491407
49.52,0.7003391261115445,-0.19911575317159527,-1.5592037312994496,0.014978234377256509,-1.3913198599497154,0.04524903733258018
49.53,0.7120844116892029,-0.20090267162961692,-1.556501220953163,0.01562831716794055,-1.3896300775087178,0.04526789691165484
49.54,0.7269595413265355,-0.20390929317442674,-1.5551114171652345,0.015458357084507556,-1.391066413713986,0.043078101932636344
49.550000000000004,0.7408640176897062,-0.20739571564626114,-1.550729013299138,0.017981702768257033,-1.3891794095804062,0.04295965999360189
49.56,0.7554778681963732,-0.2091933352385539,-1.5497317293529027,0.017078694026818192,-1.3877363141748347,0.04271526786057333
49.57,0.7678079426212819,-0.2131166544854264,-1.5481259527590003,0.016985055298188917,-1.387466668881083,0.042117625106945354
49.58,0.781741134968239,-0.21526355510725992,-1.5463166481970805,0.016827189785338433,-1.3869572787690896,0.0428336534121347
49.59,0.7977804282480814,-0.21791038075512478,-1.5436889931104762,0.01787597496292839,-1.384899229003952,0.0439336732812508
49.6,0.8146157229700858,-0.22173874487901074,-1.5399872265540746,0.018338706367342885,-1.383817837859072,0.042865924826963615
49.61,0.8297552558986746,-0.22636021491305916,-1.537607555389188,0.01738001878255553,-1.3841399325420642,0.04251973284225006
49.620000000000005,0.845393461596764,-0.22805642122272898,-1.5348487880017994,0.01898327432491062,-1.3832131542030275,0.04228748667454058
49.63,0.859616808891226,-0.23183628471786044,-1.5351674571697531,0.018852695723021853,-1.3819205322367436,0.04378574831659427
49.64,0.877246092923555,-0.23398035385078467,-1.5327695583815664,0.01879188858650034,-1.3800827437561294,0.04348131002661868
49.65,0.895200493490554,-0.23906340522826275,-1.5308081330548649,0.019480349709994123,-1.3788903422310905,0.04362238741596293
49.660000000000004,0.9136937568715834,-0.24187497622953344,-1.5270488731571745,0.019648073473185017,-1.3783794281770927,0.04335129372858778
49.67,0.9281692696302546,-0.243401985644805,-1.5237420551047798,0.019561269979890834,-1.377314209902955,0.043772891767373014
49.68,0.9465014091854044,-0.2474749172633431,-1.521938932735779,0.01939796827960657,-1.3771576571167086,0.04395136079214207
49.69,0.9627718411172754,-0.24992244803817695,-1.5185325681527504,0.01961985382570102,-1.374222447842253,0.04399179251648183
49.7,0.9812667938465648,-0.25284870125654113,-1.5146556191686555,0.02010714552324899,-1.3748346238864622,0.04358839145985789
49.71,0.9990494528052986,-0.2574564435457983,-1.512353756854748,0.021828994743919295,-1.3734294228292152,0.04484271975599198
49.72,1.0182067654165388,-0.2597173964168753,-1.5109833658244232,0.021038989411852768,-1.3728512579336096,0.04348815397300851
49.730000000000004,1.0377547669395357,-0.2651140616851012,-1.5073807644739892,0.021265858368307602,-1.3710816228695393,0.043135835571976096
49.74,1.0575069800674926,-0.26793392609026634,-1.5046502532257338,0.021782088505683375,-1.36982007235366,0.04334683306247746
49.75,1.076055239694311,-0.272385950623646,-1.4994695288250952,0.02165113681373115,-1.3712710935594783,0.04359947768310527
49.76,1.0938907784312697,-0.2766183725393633,-1.499985391898266,0.022309501154015265,-1.3687122618072216,0.0450309946392105
49.77,1.1149065321281189,-0.2788146459651347,-1.4958763424513402,0.02428991813520655,-1.3668742683747057,0.04561731566435499
49.78,1.1351118415790362,-0.28423941188463336,-1.4924012982001138,0.023887678619230662,-1.3656035187377467,0.04434508952923709
49.79,1.1552919039214207,-0.2892478595939225,-1.4902502066552166,0.02484780552266784,-1.3640153804569208,0.043314160657200056
49.800000000000004,1.1726814815364985,-0.28979063746647377,-1.4870830998866484,0.025964777448293848,-1.3623329201292438,0.04364068952248104
49.81,1.1928445587988274,-0.2955856992983654,-1.4839029200733063,0.025431527949722612,-1.362780650178857,0.04452502493042846
49.82,1.2156227540434,-0.29826034414715363,-1.4810646005618746,0.025822490925265403,-1.360334465436592,0.045170503713144274
49.83,1.2353451538415416,-0.3057683461999708,-1.4779070475280318,0.025635383581499943,-1.3603620984907914,0.043127378576104144
49.84,1.2562967757198338,-0.3071844180775391,-1.474498794229603,0.024246280132478537,-1.3596393507904725,0.045466392570565034
49.85,1.277507127274094,-0.3111082733253668,-1.472606732841444,0.0266430482957064,-1.3571858686218286,0.04397840344590053
49.86,1.2973997202045533,-0.3159107920739667,-1.4665641872101087,0.026750728053257546,-1.3549101931868694,0.04438452123473458
49.870000000000005,1.3195261706117205,-0.31977783693169676,-1.4639345706744173,0.027792414574954138,-1.3550223519622893,0.04424993701558864
49.88,1.341972607683051,-0.32579142267584604,-1.4616448056545235,0.028349323505743606,-1.3537148728346262,0.04476692538763832
49.89,1.362810880185115,-0.32850019441952744,-1.457972367795127,0.028555003620515596,-1.3519151845872808,0.04476192348515997
49.9,1.3844237587937651,-0.3295344625941574,-1.4549518179131347,0.029420093851938594,-1.3503281911681992,0.046368370941854656
49.910000000000004,1.404048160227455,-0.3372183839288449,-1.4521145032325269,0.029707700794175194,-1.3514540355128213,0.04474453582399636
49.92,1.4267690887508453,-0.3392144507469819,-1.4486260936207813,0.02797406079610266,-1.3488552818261976,0.04408228461211346
49.93,1.4492402376298728,-0.34371197205094206,-1.4462836299286181,0.030099943483643303,-1.3475373576225143,0.046613921241549394
49.94,1.4708264565641478,-0.347539669494564,-1.44127297946231,0.03128360035223171,-1.3452842200299018,0.04470290400543072
49.95,1.493231728268606,-0.35239950470718345,-1.4398527634829872,0.0325369501155415,-1.3448230015537597,0.043389637123369434
49.96,1.5147998199280523,-0.3572661402103223,-1.4355375032636417,0.03283138474112077,-1.3438979285575547,0.04490696252008018
49.97,1.5370889551041254,-0.3602450402872172,-1.4327869308542946,0.033756207111021806,-1.3414711291109975,0.04532828421786989
49.980000000000004,1.5591210199217589,-0.36420128678808333,-1.4281854497702975,0.03131210617414133,-1.3390043898971027,0.04516926801612189
49.99,1.5789356460787252,-0.3690840986013624,-1.4258790716131882,0.034153680691030974,-1.3384306066657803,0.04437924690105325
50.0,1.600617362901367,-0.373541362078668,-1.423924925746889,0.03232573419232191,-1.3376630971542811,0.04473183557541263
50.01,1.6240478855947824,-0.37836609457023784,-1.4216103724399811,0.03190541967791509,-1.3361521993164265,0.04462728991892438
50.02,1.644239113728116,-0.38023367707360783,-1.4154379113743742,0.03375191021144564,-1.334620235165068,0.04494734982131309
50.03,1.666111403439111,-0.38526042841890457,-1.4121270668141468,0.03250337064853333,-1.3333144514143966,0.04551199571229369
50.04,1.6887857774194162,-0.3885417833753259,-1.4078472961308155,0.03432499302629626,-1.332396297753071,0.04496039011187639
50.050000000000004,1.7103590238320736,-0.3953808540189531,-1.405858561569987,0.03679094103631125,-1.3295410479708047,0.045985233968199826
50.06,1.7305741634004577,-0.40040138804589864,-1.4020968685774369,0.03691640905818663,-1.3291050434548453,0.04506901448101457
50.07,1.7555847189054112,-0.40230345280802465,-1.398765446283362,0.03430603559034559,-1.3279863066916886,0.046923331414969745
50.08,1.7765336898087418,-0.40630864909168396,-1.3964680226860582,0.03644053596212348,-1.3257633097493438,0.04482915798183295
50.09,1.7970026276136402,-0.4117151056318802,-1.3932314896716413,0.035363314301046146,-1.3250547711800962,0.04530913357770337
50.1,1.8199383674188956,-0.41729358186489535,-1.3892675734263082,0.03835393373876242,-1.3240202196309587,0.045517329384082365
50.11,1.841382500178956,-0.41846465310979836,-1.3863365656180024,0.03812601490181418,-1.3216723555657361,0.04619387858397082
50.120000000000005,1.8612679404698136,-0.4225803158046414,-1.3836921972347243,0.0380488671890546,-1.3217461335812155,0.0464134803108886
50.13,1.8847276188407796,-0.4277558683407385,-1.3788803326827468,0.03857678247024817,-1.3193430896080063,0.04577930263647955
50.14,1.9038948681199273,-0.43016975805957813,-1.3777279291717568,0.0382728726118003,-1.3203968356383287,0.04674998888932308
50.15,1.9266394136815137,-0.43556823320842136,-1.3749153443389306,0.039247193172778735,-1.318306051357064,0.044782571932905114
50.160000000000004,1.9457750647129468,-0.43947449361132895,-1.3714460386570382,0.0399140004064309,-1.318341035070007,0.04718469248514381
50.17,1.9665977682935274,-0.44315204577550804,-1.3676349956987957,0.04041430624722259,-1.316535870013011,0.04509287726725467
50.18,1.9868883691918335,-0.4478571295996939,-1.3635458500022255,0.04084197571049779,-1.3150995210351626,0.04586980307433833
50.19,2.007902162123824,-0.45212378971810524,-1.3616430334792677,0.041528211487664654,-1.3137170286036701,0.04552846827444626
50.2,2.0291093180831465,-0.4553157767767839,-1.357463924367562,0.04250949525679473,-1.3130606401078029,0.04611833928100085
50.21,2.047920409366426,-0.46064609846011345,-1.356244747808721,0.04138546716217933,-1.3109250181732581,0.04537327620781671
50.22,2.068287251327589,-0.46130600883301115,-1.354063929084081,0.04302834326154655,-1.3094892371662228,0.045556583468133446
50.230000000000004,2.086289897372464,-0.4665812078557447,-1.3508458121515425,0.04314290316708916,-1.3067698051174537,0.04485473602042746
50.24,2.1086317247628257,-0.47099358832595806,-1.348474519633007,0.041749772063482196,-1.306961515095639,0.046359437483646626
50.25,2.1255954890003657,-0.4747188652894295,-1.3430167549611094,0.0440494793935121,-1.3063168408313002,0.04642676461061925
50.26,2.147068101135511,-0.47769378604203533,-1.3400768710821855,0.043649997007180155,-1.3048908948960667,0.046316012548429576
50.27,2.164410535650299,-0.4811174260584097,-1.3393416332174588,0.0434795998290471,-1.3037046152264982,0.04652245978570423
50.28,2.1843762603050694,-0.4843964680096889,-1.3351225513990859,0.04365761174208722,-1.302677280939624,0.045867504367545574
50.29,2.2027554022020226,-0.4901913454344913,-1.3325618059580961,0.046060288630006524,-1.301285043495394,0.04526061192357395
50.300000000000004,2.220271550984258,-0.4947283590167505,-1.3297134004251063,0.04643766667610761,-1.3013827358722427,0.04494164802678493
50.31,2.238025087780137,-0.49544910650063684,-1.3254637618943164,0.04574181907072892,-1.3003889746623059,0.04622528331048263
50.32,2.257938211073639,-0.499950487222973,-1.3241549899354084,0.04590671398165388,-1.2995501246225445,0.04714749920625383
50.33,2.274651394953001,-0.5047964250795868,-1.3228028830848866,0.045191768447622196,-1.2964974343619116,0.045652653353399804
50.34,2.2915285355408517,-0.5065432547640001,-1.3189824155875005,0.04680696490227503,-1.295877671966381,0.04632259895494372
50.35,2.30847209030176,-0.5094723908777843,-1.3166699810291667,0.04632891352859563,-1.2934549653586054,0.04598338132377185
50.36,2.3261187446695737,-0.5134848608268571,-1.3132629694686972,0.048587677915033683,-1.2943872588860628,0.04581738018537464
50.370000000000005,2.3410157391289204,-0.5160761916665172,-1.31121336268973,0.047316622743286026,-1.2934724635740844,0.0481350312509553
50.38,2.3573999695407957,-0.5197188135301226,-1.3083358505034564,0.048405204583095794,-1.2909033341042355,0.04814082927574428
50.39,2.3737766469852044,-0.5224926941439341,-1.3083298364496314,0.04715759620003825,-1.2910010452671925,0.04545645160581058
50.4,2.3877009123167805,-0.5251913223246716,-1.303644769706596,0.04806476732826757,-1.2894649131820677,0.04705313414160902
50.410000000000004,2.4054022915491946,-0.5263029612580225,-1.2997385363320577,0.04921646488521545,-1.2897309127984895,0.04659654304161331
50.42,2.42078855232269,-0.5318724012757822,-1.2984984229696275,0.04872195674110391,-1.2882314411864382,0.04586472057051391
50.43,2.4329734848978486,-0.5341710961213882,-1.296412286829946,0.04854404761562847,-1.2861406562087725,0.04609606970488074
50.44,2.447602250046014,-0.5364820814315404,-1.294790606908947,0.049601161824924904,-1.286552728005573,0.048020725825609456
50.45,2.4627120712868438,-0.5398296598770814,-1.2942525077063975,0.05082282768171409,-1.286211187146959,0.046360879593281994
50.46,2.4773273991856994,-0.5402816912152478,-1.2909723742907158,0.049860041117173785,-1.285018752222553,0.046274430437482916
50.47,2.4895612532485356,-0.5449740036375365,-1.2883726406981642,0.05016468753941008,-1.283020754414074,0.04659467957996268
50.480000000000004,2.502692852560707,-0.5460850151972311,-1.287172556658582,0.05038708492279133,-1.2833900866407486,0.047999654961366704
50.49,2.516097804373009,-0.5485794294999221,-1.2854687621657188,0.051697590012564736,-1.2824437567439007,0.04751298386083516
50.5,2.529165432976604,-0.5528982805541413,-1.2833229473298373,0.051825351855767754,-1.280928221774887,0.04785906230390216
50.51,2.5405757379323863,-0.5530758953615277,-1.282130417942905,0.04992234566699733,-1.281415863688136,0.04783065612333704
50.52,2.5513681601478178,-0.5579823641433175,-1.2812792151340309,0.052099304108318915,-1.2817277629696189,0.04728746441163472
50.53,2.5635289019023837,-0.5595877592141124,-1.2789202334110379,0.051860918561791626,-1.280433434373739,0.046824666174961976
50.54,2.575330592156305,-0.5605318848409049,-1.2755544646409698,0.052041970260931096,-1.2800225238203422,0.047255490016184856
50.550000000000004,2.5863827248623132,-0.5633116143649107,-1.2749926046043962,0.0542690126671973,-1.2795854833091043,0.047299336430687185
50.56,2.5972164323830214,-0.5654728359524179,-1.2733105319970714,0.05196291731924442,-1.2778279784613475,0.04767233346816467
50.57,2.606287220788349,-0.5644174561956998,-1.2720313360562057,0.05371306385547917,-1.276744790753675,0.04700028728018208
50.58,2.617562966321778,-0.570420234844243,-1.2697887029754604,0.05207692243674698,-1.2770114235633878,0.04650177008094462
50.59,2.62492031765889,-0.5722929954724041,-1.2683946853549142,0.05282915966291159,-1.276324984826145,0.047602810308785895
50.6,2.6353005955323723,-0.5728456907348372,-1.2646964468259034,0.053953002742007435,-1.2733811009044205,0.046594619516261496
50.61,2.6439323184628956,-0.5753905580445009,-1.266322805176177,0.0527264859297954,-1.2723726159385644,0.04636826139168981
50.620000000000005,2.6519826609933492,-0.5772109764209021,-1.2642946580509882,0.052615403451490614,-1.2736773217018578,0.04542717683571276
50.63,2.660218690336726,-0.5791211603854014,-1.2639647890272407,0.05330875786832336,-1.2745139247623813,0.04656588496225737
50.64,2.668977224340478,-0.5771166443390408,-1.2620670288990532,0.052960786374903854,-1.2734674803314674,0.046707270999324625
50.65,2.6763795547852975,-0.5802030105182655,-1.262616212625404,0.05481491646371711,-1.2722317480891072,0.04833451592617283
50.660000000000004,2.6822974011005094,-0.5815681754358538,-1.2611989108103892,0.05395113419766057,-1.2723008373032578,0.04648763081853117
50.67,2.6898649884316708,-0.582997914289302,-1.2595323221424244,0.05534808903133026,-1.2724432277084645,0.0471708768598116
50.68,2.6947806417100733,-0.5839427812990587,-1.25857936734809,0.055090301227877427,-1.272993591197819,0.047442467262136176
50.69,2.7003306417761346,-0.5850480149385674,-1.2573873584091297,0.054723653737816416,-1.2720031075633271,0.046249286600787747
50.7,2.707712905501927,-0.5865464494266096,-1.2558509212381899,0.054754313272425505,-1.271945801699374,0.04869190794695002
50.71,2.713926836522803,-0.5883253858603045,-1.2551501842793835,0.05482046764566499,-1.270949041574031,0.046842685389051675
50.72,2.7197315740930446,-0.5872832358951495,-1.2565098519475941,0.05577283147299147,-1.27046484945535,0.047314150228426395
50.730000000000004,2.724983421369661,-0.5920580619119138,-1.25328048432479,0.05591417058399918,-1.2707875950920728,0.04590000626070144
50.74,2.7298679041969542,-0.5921666958769078,-1.2529295411015913,0.055777987988558216,-1.2695629005519933,0.047617518659612446
50.75,2.732544996297142,-0.5910662683798523,-1.2532606199841847,0.05446439845766512,-1.2696179001467376,0.04578881329573018
50.76,2.7373317037247027,-0.5944156204257763,-1.2517164768464044,0.05544718607653769,-1.27009942760508,0.0460630220241843
50.77,2.740242441323489,-0.5924190289813743,-1.2511644522135321,0.05415188492168772,-1.2690878755277293,0.04737523554997524
50.78,2.7442859915913265,-0.5945117628803517,-1.2508046076660493,0.055990806740263445,-1.2685020008342214,0.04751199994752804
50.79,2.748755913936748,-0.594126337406687,-1.2511897972473611,0.05452081433901784,-1.2686235097188452,0.045904222568610466
50.800000000000004,2.750018760247678,-0.5944395080739027,-1.2489868231841712,0.05396311382070653,-1.268512794466698,0.04710450075760399
50.81,2.7530381891944384,-0.5952442135574587,-1.249628178412848,0.0565783035077291,-1.267350926359839,0.04903929930472632
50.82,2.7554673992900955,-0.5962022819218046,-1.2500734913800315,0.05495817642325573,-1.2676648322936264,0.0479312977480106
50.83,2.75830184220467,-0.5968545151715197,-1.2494679306823473,0.05716232569938995,-1.26888047014502,0.048413534544052166
50.84,2.760074809559735,-0.5973011357148795,-1.2496242878194823,0.05489290502966808,-1.2676695367018136,0.04638719373142384
50.85,2.7628708924057013,-0.5971886186187162,-1.2477098153388873,0.0560697937077763,-1.266511173446631,0.046802013577947936
50.86,2.7631929200561745,-0.5985357450378845,-1.2479925830698775,0.056554710758226906,-1.2676399735993924,0.04920524917519695
50.870000000000005,2.764943539001733,-0.5980521510409696,-1.2474759067342545,0.05430985903907028,-1.2684454542806483,0.04612752021708536
50.88,2.7657083665365,-0.5978654088105584,-1.2466408917961622,0.05552389934998067,-1.2685508977653133,0.048552486295651606
50.89,2.7641549327886596,-0.5979775410142223,-1.2473477245212539,0.05562142970927932,-1.2671778719036433,0.04729017149419715
50.9,2.768028802580812,-0.5987039159765141,-1.2486803443582881,0.055606854440233944,-1.2684580650849662,0.04655937801646998
50.910000000000004,2.7693246417901287,-0.5969571685901678,-1.2463018738018121,0.0564967594557214,-1.2674668865287144,0.04808256847494816
50.92,2.769202599697641,-0.5967292566106945,-1.248012872773941,0.05625956077574516,-1.2685876736861352,0.047789441666576914
50.93,2.7678494324007303,-0.5995759031929384,-1.2482622047816403,0.055901528391495696,-1.2671475768977043,0.049336738801277674
50.94,2.7696172430152615,-0.5979096306185329,-1.246950299912811,0.056289438158950045,-1.2673107751724069,0.048158513164195095
50.95,2.769029678966466,-0.6007680610197428,-1.2466886299609723,0.05411792742287673,-1.2662763702965674,0.046721044006554
50.96,2.7692125248269046,-0.5963083919679073,-1.2470433838239063,0.05551311637441378,-1.2667581427821895,0.047911300693005046
50.97,2.7712169460271783,-0.5998483777912433,-1.2465437563820312,0.05544264562946259,-1.2682083715967913,0.04724184780074617
50.980000000000004,2.768696366237077,-0.5978901540651427,-1.2472571250863649,0.055282853604516305,-1.2675215273692018,0.04705377267856081
50.99,2.771292532554863,-0.599655631383827,-1.2473339739091625,0.05551096220528733,-1.2683297004152472,0.04733902199862053
51.0,2.7696683013822243,-0.5999254672301213,-1.246540779957059,0.057050252228709894,-1.2673577449179048,0.04710986639740221
51.01,2.7701913745813713,-0.5991502520782881,-1.2459788973714734,0.055782073897194556,-1.2693012226911247,0.04824628470439623
51.02,2.7711323779902655,-0.5981750040964989,-1.2494045461406524,0.055697427103084854,-1.2666203370040547,0.047531175694649715
51.03,2.770479028326914,-0.5979185177584931,-1.2468784305792582,0.056750360423574744,-1.267258840578669,0.04727171913625156
51.04,2.7710787778577814,-0.5990478327153276,-1.2479575244123036,0.055703317316334745,-1.2668848010363285,0.04800753114866872
51.050000000000004,2.771112363082917,-0.5987599068334913,-1.2471495485853399,0.055183281360750625,-1.2671819420068076,0.04576784913286812
51.06,2.7703198611805786,-0.5962131844708674,-1.2483123684023232,0.055836864886870494,-1.267070276071228,0.04764197412718543
51.07,2.7694564448213983,-0.5982500657156157,-1.2474664449658033,0.05445419841307977,-1.266569260531561,0.047779985834061095
51.08,2.769456515135868,-0.5991745528220079,-1.247506156319864,0.05426570182573658,-1.2667346545381475,0.047898060498588635
51.09,2.7700097433983824,-0.5987245441826922,-1.24689990713784,0.05591327212988841,-1.268575941064847,0.047626248323501624
51.1,2.7692741763956805,-0.5981053879541928,-1.2479292832555484,0.05456544108509035,-1.2674244682592994,0.0471559258773976
51.11,2.7703905360251095,-0.5994790588941151,-1.2468230081509044,0.055959174133604905,-1.266382723234273,0.047361471510999044
51.120000000000005,2.7697769316696768,-0.59987553353609,-1.2483354045651465,0.05598185158983923,-1.2667078034043173,0.04642313610870509
51.13,2.770522759512339,-0.598852034479688,-1.2463731933297129,0.05645579468429183,-1.2693776436087958,0.04810070744035129
51.14,2.7705200833685004,-0.5991636955681171,-1.2474393542086843,0.05572770483659118,-1.2678396037487523,0.04638231007355075
51.15,2.769682330025779,-0.5996077125393522,-1.2458248973502033,0.05574878615470943,-1.2654340235257333,0.047523825221955154
51.160000000000004,2.770813919401318,-0.5996264253632462,-1.2471904232197584,0.05576343513245531,-1.267956104345321,0.04679438458600601
51.17,2.770666648151007,-0.5983162371801238,-1.2481667048488685,0.05594761064763807,-1.2669174032126405,0.046684886282062875
51.18,2.769696191301883,-0.5983147454979965,-1.2492454423141224,0.05570181904367547,-1.2659736925839022,0.04493424907041418
51.19,2.771018093787767,-0.5982249017882338,-1.2482549797222675,0.05615421221427341,-1.266526096280906,0.04617320779192273
51.2,2.7696828303369725,-0.5986772172480566,-1.2461468218472571,0.05522778511205926,-1.2674367310938057,0.04661977072009424
51.21,2.7703214305737283,-0.5977866009474234,-1.246907587576023,0.0553880580056435,-1.2674285856105345,0.0465013223961591
51.22,2.7694322292154445,-0.5976498196555128,-1.2455708287565754,0.05413661139133054,-1.2668919961823724,0.04794956085665486
51.230000000000004,2.7692426052475017,-0.5991116840266867,-1.2475035678572601,0.057358888993718354,-1.2659579651499415,0.046396121581032804
51.24,2.769026565792939,-0.5980254503487561,-1.2465253162407832,0.05678558912346117,-1.2683242169151436,0.047831408654032785
51.25,2.76966141961282,-0.5981561872599496,-1.2470323927294371,0.05735860209872431,-1.267009575348043,0.046925988269929386
51.26,2.7704203696053473,-0.598787718901589,-1.2480074357545583,0.05737978529193801,-1.2660048538511997,0.04704614620349118
51.27,2.770910761157188,-0.5969097901808165,-1.245920604336047,0.05543175039212354,-1.267476757154232,0.04570116844396155
51.28,2.7709761159807895,-0.5976154129286357,-1.2459094256358756,0.05631177304345367,-1.267092519574605,0.04632924454545996
51.29,2.7705789992082663,-0.5992512290761511,-1.2465416944913306,0.055033400994499215,-1.2669472476041264,0.048354642998573484
51.300000000000004,2.770629126910052,-0.5984133656762183,-1.2462032337245532,0.057244908428569066,-1.2674936230427054,0.047654677476372614
51.31,2.771618799213364,-0.5981159352904462,-1.2487474038211765,0.05507550500914032,-1.2667445921263023,0.04685078347913903
51.32,2.7715569465749477,-0.5970786554355052,-1.2475150860771074,0.05479897144327971,-1.267715191059809,0.04683442573307475
51.33,2.77164048991124,-0.599603499722911,-1.246352107422585,0.056911117077157757,-1.266685095309889,0.047580879075874126
51.34,2.770158444034542,-0.597086463499079,-1.2472140259373865,0.056527534179246136,-1.2675385225948657,0.0455928108678158
51.35,2.7700646923446066,-0.5988363833697441,-1.2471251358745747,0.05512377074923553,-1.2668539123499163,0.047843231917435336
51.36,2.7700331226557053,-0.5989742047677591,-1.2479168984797397,0.05592197301153642,-1.2661975384863355,0.0484030704041081
51.370000000000005,2.7697771437557677,-0.5969623573813386,-1.2473160541701052,0.054813425362999275,-1.2685884351013212,0.046260779186241274
51.38,2.7705912516587543,-0.5989246798341481,-1.247551530914059,0.05496050830661451,-1.2683478162841875,0.04642344297242419
51.39,2.771186098138888,-0.5971262920141776,-1.2453723406107133,0.056299596457220276,-1.2678295918803917,0.04661722279317597
51.4,2.770959856479492,-0.5989149880884346,-1.2466405350015,0.057384624942802616,-1.2672107813695894,0.04918780038460455
51.410000000000004,2.769316616209579,-0.5983095502925014,-1.246726213236624,0.05484122708541184,-1.2667004235631492,0.04853588373133865
51.42,2.7722221920322494,-0.5983410818905724,-1.2486581560091878,0.05611625208701948,-1.2667525181193109,0.0469947614993562
51.43,2.770487726982041,-0.5991218690527097,-1.2471166714276571,0.056587924899494824,-1.266187848117256,0.046091097273888985
51.44,2.7698537870426265,-0.6000861880450382,-1.245395759448217,0.05645989848370096,-1.2691462048836095,0.0471436827956545
51.45,2.770052635294817,-0.5993596811760148,-1.2460956774426992,0.056584346849877794,-1.267164859111813,0.04664005261210097
51.46,2.769747386845377,-0.5986616666785275,-1.24739892672836,0.05569491982292016,-1.266912982368923,0.04586174395717624
51.47,2.7696383593952048,-0.5987294026550516,-1.2456339788807078,0.056437692686259935,-1.2674031276523459,0.04755108057742985
51.480000000000004,2.7702114211652433,-0.5977599449182786,-1.2466214789683632,0.05681596373698981,-1.2685827561243803,0.046496466033848924
51.49,2.7705396086927947,-0.5982693302431149,-1.24490530954426,0.05412244345827268,-1.267428863602734,0.0471320002364686
51.5,2.7705075533437555,-0.5971874447681677,-1.246235305268743,0.054300233442005866,-1.2660615423855726,0.048514113393000435
51.51,2.7705295758687942,-0.6001117665049909,-1.2471323125166829,0.056109042334263934,-1.2665303451826007,0.045654992840402274
51.52,2.7696288296675573,-0.5977417999189708,-1.2456894627462616,0.056075706061006494,-1.266397734018648,0.047597307860086244
51.53,2.7711404500002432,-0.5985733569240477,-1.2465811658840347,0.054633797040753974,-1.2667698163528716,0.04610711597038375
51.54,2.770929205215557,-0.5990830849677867,-1.246677124295098,0.054868528006160176,-1.2678394810505127,0.047521115204738965
51.550000000000004,2.7709582785326092,-0.5977454871314656,-1.2480036286037242,0.05439001448933484,-1.268251115335366,0.04627008139888216
51.56,2.7716673161810474,-0.5975304478022904,-1.247869712168727,0.05719252623894662,-1.2662825541301665,0.04577790323138697
51.57,2.7694009526890095,-0.6001479773784337,-1.2470755567392044,0.05571519494472793,-1.2673864389251424,0.04543134669728932
51.58,2.769054499069334,-0.5984729720425868,-1.246457008446837,0.05393738213059062,-1.2685179985931951,0.048092223780362514
51.59,2.7692315502575906,-0.5987128274420287,-1.2481515188311305,0.05642560488828862,-1.269160149331761,0.04693430939558263
51.6,2.771120572157469,-0.5981676496155914,-1.2474050144483178,0.05509028480919844,-1.2676032405586661,0.04607482891955493
51.61,2.7702127270681927,-0.5987723229227477,-1.2473647295315557,0.05657296797684679,-1.268334173191239,0.04571264139196529
51.620000000000005,2.769841572365694,-0.5985917916441617,-1.2470931379742571,0.05556808625589068,-1.2683829384664873,0.04634257211360502
51.63,2.7698738375626877,-0.599194973042363,-1.2460417395706813,0.05593031002957472,-1.267864749321076,0.04815557916040414
51.64,2.7706894515375806,-0.5998846802807571,-1.249828893197219,0.05454264199108381,-1.2668808216037455,0.047977967471738964
51.65,2.768851175471559,-0.5981252244917794,-1.2464583022960545,0.05691740360055748,-1.2665706246480235,0.048379740008331444
51.660000000000004,2.770726179655606,-0.5983030057591794,-1.2472943363281968,0.056415808712574296,-1.2685627442124656,0.0470789811134926
51.67,2.7707711372660544,-0.5974711007047727,-1.247417079740907,0.0565435010925336,-1.2675720707872145,0.048061371417518796
51.68,2.7696006883643554,-0.5980664702902093,-1.2470831979002497,0.054665804116697234,-1.2675337774047915,0.04835341062836774
51.69,2.76941057591998,-0.5999953113217862,-1.2466520315050655,0.054235844946576475,-1.2660357154277475,0.048542298139557204
51.7,2.771206070513867,-0.5987098017592385,-1.2455473086482651,0.056874124415522274,-1.2678648848928893,0.04845562130338119
51.71,2.769504414784761,-0.598871943670609,-1.24856509255946,0.055827342507354466,-1.26765700714704,0.046805381106810616
51.72,2.7701554394782364,-0.5992057486378844,-1.246963632450221,0.056820125341233076,-1.2683266413931025,0.04795269716213603
51.730000000000004,2.770487834265965,-0.5983735130960273,-1.2470267985381434,0.05507395030391823,-1.2670117831878753,0.04765277270143872
51.74,2.769601458719983,-0.599868074298044,-1.2469255547608387,0.05635861818302256,-1.266522893467299,0.04825009761063837
51.75,2.7706240996433573,-0.5989296963948003,-1.2470018801484903,0.05461512360460008,-1.2679957205366947,0.04715353441710083
51.76,2.7700673136518974,-0.5986197067444,-1.248199771827304,0.05469515347246387,-1.2667231668202628,0.04647276958216581
51.77,2.7697099198692148,-0.5986170656831611,-1.247812614139652,0.05666545499248173,-1.268496791192305,0.047201329931365076
51.78,2.7696467363247725,-0.5985637006976791,-1.2474341195529162,0.05567935985394379,-1.2663342313463708,0.04660008980278287
51.79,2.7696928257993,-0.5989756755329455,-1.245713675428356,0.05562168473528498,-1.2663229550414667,0.04704561565957814
51.800000000000004,2.7713381541479993,-0.598344483800735,-1.2465160494822478,0.05444705592568006,-1.2687824294772496,0.04813392700223569
51.81,2.7712230796954023,-0.5965868816704195,-1.2482967386290094,0.05612393996815176,-1.2682934523453437,0.04655370359464033
51.82,2.76986170753614,-0.5983663322812162,-1.2475794720647257,0.05572937056826561,-1.2666739131533187,0.04818434241255922
51.83,2.770904398199425,-0.5983056707096177,-1.2471235987018072,0.05520351326242522,-1.2669296237038927,0.04628290884137677
51.84,2.7704039594220182,-0.5996387055276324,-1.2470360220133514,0.054780464333109215,-1.2677495576302513,0.04661011971585813
51.85,2.7696048719852118,-0.598776233379509,-1.2491151658317108,0.05412704051509914,-1.2666986284104853,0.04732869952530734
51.86,2.7696687435477036,-0.5978501089859063,-1.2475577875677646,0.055194122149643,-1.2680836326181064,0.048863838756473606
51.870000000000005,2.770505164967272,-0.5985292100431783,-1.2465929883583184,0.05408320596485508,-1.2679183701777892,0.04759705093936166
51.88,2.770296414671314,-0.596775409114717,-1.2474670427556893,0.05652308248087901,-1.2666966285673567,0.047324634748298816
51.89,2.770583095408334,-0.5989532476228991,-1.2487219142601265,0.0560047201772487,-1.267026125708221,0.047711072202141165
51.9,2.770355061935018,-0.5978531653058284,-1.2477557188381263,0.05698140992302195,-1.2682621185402274,0.047105892548949126
51.910000000000004,2.7708941744396167,-0.5991493813498638,-1.2463463697405464,0.05540086327170829,-1.2672969094864164,0.047041935517313956
51.92,2.769796633146283,-0.5967355663521696,-1.247732818026966,0.05370499080824717,-1.2681013049354317,0.04731457727750016
51.93,2.7699711336296646,-0.5978111250539005,-1.2461428829413599,0.05542215133510432,-1.2688680207923781,0.04608024122792377
51.94,2.770271898121512,-0.6000652921687437,-1.2473209557378468,0.0569403206648451,-1.2671008216448059,0.04723985278760467
51.95,2.7693917545515156,-0.5985414039735281,-1.2472256048659895,0.05590824983155632,-1.2667654874460819,0.04798376074644612
51.96,2.7704124782772404,-0.5982532629686494,-1.2474467874105075,0.05668835312783062,-1.2681741615319486,0.04701894971066106
51.97,2.7713791525348896,-0.5991203297587834,-1.2481700562230509,0.05534155278783592,-1.26618548272618,0.0452184087903381
51.980000000000004,2.770389354905287,-0.5992532724511195,-1.2471462883506141,0.05539583796600399,-1.2665618202423619,0.047246956385145034
51.99,2.7711818579450704,-0.5975793838898272,-1.2469739099407973,0.0553862789499029,-1.2670708449541337,0.04769758198398719
52.0,2.7692935639499177,-0.5984939954648926,-1.247221272515687,0.05533317676483979,-1.2680029632405094,0.04665395615443459
52.01,2.7713928532249787,-0.5990170846187384,-1.2460023184951665,0.05581428581348191,-1.2683886537966516,0.04736647133255719
52.02,2.769240317859239,-0.5981657287731924,-1.247184778940365,0.0564458387392201,-1.2661503753160204,0.045685584316215846
52.03,2.7698204450371935,-0.5997405919300927,-1.2451281595882049,0.055314253668542916,-1.2685522745678366,0.04915492569331656
52.04,2.769484939274733,-0.6000803807428386,-1.2480381771865219,0.05582142620909728,-1.2673709522871364,0.04647012410504824
52.050000000000004,2.7695250258873627,-0.598585915738507,-1.2458975511029013,0.05598399530248616,-1.2679125328542566,0.04700002961728852
52.06,2.7703686076470153,-0.5971176637501867,-1.2480546383839501,0.05666050517768683,-1.2677090958024224,0.04578151111759511
52.07,2.767759435488616,-0.5973526002861116,-1.245874610807282,0.055184883530969064,-1.2676420895922111,0.04564289085543482
52.08,2.769557269795449,-0.5984535292782623,-1.248566295806166,0.05585126926158955,-1.2686968816718514,0.04768397833133002
52.09,2.7673661314660305,-0.59802262981392,-1.2478689513390047,0.05359682442409107,-1.2666498890424278,0.04811353970488658
52.1,2.7671374251134067,-0.5979388994703897,-1.2470246985393516,0.056057884814281464,-1.2660563845432826,0.04755886086806433
52.11,2.766412501926275,-0.5976376812479043,-1.2479128232984875,0.05470053599798326,-1.266549860149562,0.04765971901889548
52.120000000000005,2.7640697376195287,-0.5984092030442099,-1.2470313818710714,0.05424565851810432,-1.2683330923733966,0.04951433017997592
52.13,2.764201081347081,-0.5966357236834685,-1.2465642320357615,0.05479409834774014,-1.267515764312608,0.04898622085341165
52.14,2.763501356796372,-0.5952484931529058,-1.2486383896558848,0.0571281260429368,-1.2678169479816503,0.04690128400616295
52.15,2.7620729543394673,-0.5971044919983391,-1.2483948703581673,0.05595240419527328,-1.2695040944375702,0.04648725580724173
52.160000000000004,2.7603523753900343,-0.5957965490111705,-1.2482788891866534,0.0557348431041014,-1.2676828792999624,0.048016830703898575
52.17,2.756467725655115,-0.5967192576591145,-1.2489577309521964,0.055625847477632925,-1.2699954264103546,0.04608010068674782
52.18,2.755462086266424,-0.5949597556921349,-1.2495946410470546,0.05482950039278721,-1.2678270629914763,0.04688707069449738
52.19,2.7537741882284323,-0.5955608959224558,-1.2505737531754988,0.05660307612137721,-1.2673568044399517,0.046335113505608407
52.2,2.750635460532914,-0.5951296488101899,-1.2494686046353614,0.05454633766475511,-1.267838430150469,0.04820683989141182
52.21,2.746495690471374,-0.5942136832663394,-1.2493939633367737,0.054378900960688856,-1.2693607837339997,0.0477361911662517
52.22,2.7439541528298554,-0.595025486105915,-1.2512199282548508,0.05671397995109455,-1.2671703786505628,0.046596953206247016
52.230000000000004,2.739801630488167,-0.5933769435389065,-1.2498936768455922,0.05585674593235909,-1.2679024443754197,0.04801814936923749
52.24,2.7356767787776985,-0.593078793736685,-1.2526406187455625,0.054592981237955196,-1.2699980122962338,0.046649453760398044
52.25,2.733335202785558,-0.5913515636896235,-1.2515779073215672,0.05518939319184256,-1.2702390822183771,0.04729704464481343
52.26,2.7271179291498426,-0.5926514134914138,-1.2527335734667746,0.05577380069270678,-1.2698460536803273,0.04678330520794652
52.27,2.7226328882597026,-0.5887229699079217,-1.2535617085970396,0.055049077621208364,-1.2701908731672071,0.046706682007264015
52.28,2.7179005892125843,-0.5885705414267701,-1.2552030551228641,0.05432901080038739,-1.2689831380132863,0.04706564332297666
52.29,2.711495793973636,-0.5882495460114522,-1.2563943177612586,0.0544755844946639,-1.2720390862268978,0.047476606668243354
52.300000000000004,2.707833714214827,-0.5871291490235905,-1.2562235071667838,0.05442226396809611,-1.2712458803698092,0.046892590330188805
52.31,2.702217117528434,-0.5852859836241057,-1.257044599360297,0.05535854000307207,-1.2719564436148116,0.04728551038801942
52.32,2.6981953830390024,-0.5844315997633557,-1.2581651012191337,0.053152464645446804,-1.2724717938180867,0.04697379132542165
52.33,2.690031766556812,-0.5825780202651489,-1.258855038023895,0.05483027306196099,-1.2731107290444137,0.04748160472996684
52.34,2.682759733525369,-0.5817218326934454,-1.26048118091816,0.05316417786406421,-1.273707693374885,0.0473225331271288
52.35,2.6760378706381793,-0.5805672882246612,-1.2612522540258013,0.053228284576310035,-1.2726364714315193,0.0470827630672132
52.36,2.6678106618874855,-0.578258413359855,-1.2618002446392238,0.052371017493121744,-1.2734805065627426,0.04618021020537127
52.370000000000005,2.6604465822489605,-0.5802609007391033,-1.263364695061144,0.05418072145797717,-1.2740878549522345,0.04598599736375126
52.38,2.653894149200919,-0.5749336439003498,-1.26522385803955,0.053173212071997024,-1.2762076795973387,0.04740090447364527
52.39,2.6425195286988834,-0.5737284507179501,-1.2651391052161027,0.05317476988024899,-1.2759155985526622,0.048062534555085946
52.4,2.6349081012081506,-0.572531477508695,-1.268171796598281,0.05323311134290912,-1.2756916666242086,0.04579741168713869
52.410000000000004,2.626930776891354,-0.5693157209529409,-1.2678454144507634,0.053644841967419477,-1.274522325457417,0.046026191182162744
52.42,2.615354893992345,-0.5693855320222567,-1.269899814205807,0.05244671939502788,-1.2775210635224326,0.04692820518174927
52.43,2.6063778279919454,-0.5663977663184349,-1.2715973793105213,0.05084891195939604,-1.2768830703746803,0.048285994789303545
52.44,2.596328841568383,-0.5643137419694135,-1.2736042769372367,0.05280697223858513,-1.278477949138461,0.046672267149045765
52.45,2.5856018372774185,-0.5627371834622488,-1.2754605742243545,0.05083065978727831,-1.2780468330246373,0.04724597389253887
52.46,2.5750784620178147,-0.560252433957522,-1.2765466484377754,0.05214374136306092,-1.2794115090872777,0.04662338501964835
52.47,2.564112106294059,-0.5569372954815538,-1.2774009069043866,0.05215964772815166,-1.2791003543159252,0.044780183075675016
52.480000000000004,2.552594589931839,-0.5559051328664613,-1.2797041116838404,0.05141939337076767,-1.2812847409541446,0.04643012314943194
52.49,2.5397569837531004,-0.5535477474773469,-1.2802464446585644,0.052915438063425385,-1.2819153625077564,0.04620378695371809
52.5,2.5276676425500453,-0.5529654204056558,-1.284260517084177,0.05054018491908685,-1.2811394134591496,0.04613880494634364
52.51,2.516749687019798,-0.5484764691573746,-1.28501522012696,0.05181952477449437,-1.2838390995992912,0.04625568162542284
52.52,2.5031784430386512,-0.5470053630767664,-1.2859441219316339,0.049625762631583116,-1.2838879559613612,0.046645600092844686
52.53,2.489419208030873,-0.5455780071625086,-1.2895832695916318,0.05002736863777556,-1.28294375742283,0.0458058302472307
52.54,2.477120843960584,-0.5409641258232384,-1.2916390259790447,0.050206394180304564,-1.2845112202569107,0.047030631782741826
52.550000000000004,2.4627009262022312,-0.5400115398796292,-1.2926857028298953,0.04938459471431454,-1.285814710337748,0.04680063388209687
52.56,2.449281445615194,-0.5350209754203773,-1.2960270479874212,0.049482904252771756,-1.287979857885071,0.04791468111508847
52.57,2.4341669189169686,-0.534189283780577,-1.2975038032079587,0.0492463018471955,-1.2881864967947654,0.04763269562801543
52.58,2.4199782702529533,-0.53040859773358,-1.300355165944438,0.048229608374530275,-1.2885287376627041,0.047267655887230635
52.59,2.4048372084696545,-0.528878301993767,-1.3014369734512568,0.04772962584156284,-1.289906989375716,0.046680220645729166
52.6,2.388061888762106,-0.5260896052623644,-1.3029681384304825,0.04947215198639639,-1.2882493539468203,0.04690826303486479
52.61,2.374037130687982,-0.5223763709073765,-1.306975640222726,0.04873691578358606,-1.2899945004734243,0.04717350245993015
52.620000000000005,2.3568420095980556,-0.5188359165629483,-1.3097326913953662,0.047383370457657205,-1.2907080865028193,0.045411618942983734
52.63,2.343282857438663,-0.5155797310283001,-1.3119010085434186,0.04741105667192248,-1.2937037021235318,0.04595209919598832
52.64,2.3249897791403242,-0.5131740105478181,-1.3147841479586788,0.046837838105679944,-1.295239946727467,0.04528992204538757
52.65,2.307067855788436,-0.5082032288765942,-1.3161330383605394,0.04722522078390588,-1.295086134239136,0.04681152873176049
52.660000000000004,2.2922044097924923,-0.5060287365767132,-1.3176130666695909,0.046341729208632006,-1.295592678516588,0.046953522396914305
52.67,2.2730929844442365,-0.5030194343655523,-1.323248613723083,0.04592465444983737,-1.297394068305992,0.04601233395690926
52.68,2.256021019786165,-0.49923239335792563,-1.325050608672571,0.047319933852256205,-1.2977058839638331,0.04557590676019315
52.69,2.2391599672977494,-0.49538493368573816,-1.3266292230357406,0.04447294856812517,-1.2973144055117385,0.04680272487229378
52.7,2.2194793504462487,-0.49259722615895934,-1.3298542986025426,0.045005402270151366,-1.301388943589069,0.04625969743955966
52.71,2.2015762697802126,-0.4895652438642689,-1.3320706059838519,0.044228308444876234,-1.3016954349022845,0.046895256278980994
52.72,2.1830270111448877,-0.48626170754848225,-1.3362852387807758,0.04356608879238278,-1.3024380303671335,0.04670426881412843
52.730000000000004,2.164373536036719,-0.48155575041385434,-1.3379142856337,0.04271314515243157,-1.3035206547445755,0.04715486040454954
52.74,2.1444810252998603,-0.4766878223272302,-1.3413875744829489,0.04211182766160197,-1.3046876152592428,0.04680380891473378
52.75,2.1267301780103316,-0.4744746115439338,-1.341885623803377,0.04335752474446137,-1.3033538620736778,0.04714772678918185
52.76,2.107657110859875,-0.4707613741108795,-1.3469257406936521,0.043018970967120575,-1.3066269955288001,0.04565665169619171
52.77,2.0868468657549664,-0.4660938112504333,-1.3487388072276951,0.04118378607200043,-1.3081401851047885,0.046870483470020624
52.78,2.0691052609628264,-0.46404671365385963,-1.3517013332974872,0.042049144038697375,-1.3091340177541615,0.04513629680673854
52.79,2.0446487437284366,-0.46027836583004167,-1.3550877948038698,0.04146866356714555,-1.3101006018007095,0.04686818416692318
52.800000000000004,2.027963822312766,-0.45609935254202727,-1.360488552302914,0.03990587993655936,-1.3130426531397918,0.046352511337777264
52.81,2.007692812827741,-0.45228380971887283,-1.3621957174578738,0.040181957951846564,-1.3122829025677853,0.04591177539101934
52.82,1.9883973637965724,-0.449793339938865,-1.3642382413973924,0.040041700597086165,-1.3145594572763408,0.04697415337544493
52.83,1.9665991311654087,-0.4434822205310901,-1.368687979413749,0.04009457243397711,-1.3169366520191808,0.0457065768868427
52.84,1.9465380354844597,-0.43895033736832484,-1.3716316762668617,0.03919780634380959,-1.3173530036370216,0.045497664844302385
52.85,1.9244862415251944,-0.4377763785924544,-1.3749666911625293,0.039210381360232825,-1.31817120843589,0.046163640515356506
52.86,1.9050595417354672,-0.43223941404936306,-1.3785987215060358,0.039196176559920484,-1.3193092937508792,0.045418555411055744
52.870000000000005,1.8842664785365668,-0.42738400279626454,-1.380283893985962,0.03857616800754142,-1.3198252034704807,0.045004388662543
52.88,1.86119816197946,-0.4238899907170647,-1.3846121729664014,0.0379801867631685,-1.3217547984264537,0.04550794272450211
52.89,1.8403120714372243,-0.4181316598566938,-1.385972023433526,0.03751970408394077,-1.3230371279342616,0.04673073089228294
52.9,1.8186832630980851,-0.4162869878881719,-1.3898178982360399,0.03754847367405128,-1.323976623283657,0.04621350488228641
52.910000000000004,1.7970332247789096,-0.41252688938436755,-1.3937620817725571,0.03727613422655719,-1.3264972470700285,0.043764876587526584
52.92,1.7761993030651988,-0.40763102285719216,-1.3980069338557246,0.03641293900087668,-1.3273243324535917,0.046876229415292285
52.93,1.7544821443824408,-0.4024496321238534,-1.3997730903721395,0.035404754438565174,-1.3287114503820006,0.0463180403871505
52.94,1.7333273337865645,-0.40007333549123525,-1.4041151407047658,0.03446208400634532,-1.328663156526564,0.043824774802556116
52.95,1.7115788521458584,-0.39422970650566497,-1.4061727592543711,0.034666495232775416,-1.3298564856417052,0.045395566744287054
52.96,1.687806230940124,-0.3914290710066089,-1.411018125177676,0.0357019200689044,-1.330958954302887,0.04620528716797576
52.97,1.667080656347515,-0.387404651806356,-1.413789790848821,0.03336596523205083,-1.3335519257260917,0.04642882633662628
52.980000000000004,1.6465256606001377,-0.38236890196957063,-1.4181128977305466,0.03278450612265029,-1.3337865754555844,0.04538086318648306
52.99,1.623103179174997,-0.3780934200279666,-1.4201101482645446,0.03232604364317735,-1.3343284336156844,0.04663903191169906
53.0,1.600782786373657,-0.37503054177012846,-1.4226025036692134,0.03282130978301754,-1.3369018424250692,0.04584578520727381
53.01,1.5785654209760553,-0.36816058054152084,-1.4263532848634113,0.03305396736736855,-1.338991521664322,0.04586565216502201
53.02,1.5556201955569882,-0.3644129342515724,-1.4300648544312664,0.032161212168029175,-1.3389899663420592,0.04432039042418543
53.03,1.5349566672791222,-0.3611647109342763,-1.4330096781034412,0.030754640335048947,-1.341295209295456,0.04511997566897054
53.04,1.5143374927801772,-0.35734321763029275,-1.4367409942251872,0.031142073946940307,-1.342911991230597,0.04474558623495149
53.050000000000004,1.4914903137570168,-0.35213464693342,-1.4400215908563192,0.030714121852036074,-1.3442736072865038,0.04487425510626965
53.06,1.4713595782209874,-0.3493728559859749,-1.4445612991532375,0.02987823100654176,-1.3463164359847695,0.0422354294625213
53.07,1.4501193648020856,-0.34355047324170124,-1.4451597410892363,0.02972468455170272,-1.3462468402509944,0.04445645072786153
53.08,1.4276372248609728,-0.339698860473632,-1.4490321103662487,0.02958600321642625,-1.3466339081135519,0.044932365216269476
53.09,1.4044289773516403,-0.3354088329064847,-1.4518212809998454,0.029005334890132885,-1.3492527279656907,0.04381708488515449
53.1,1.3838913314826873,-0.332615490410148,-1.4557029395094803,0.028128632878314512,-1.3496393277044205,0.04606144772868811
53.11,1.3613739207752718,-0.3274298485002388,-1.4589779345058658,0.028700824388829684,-1.351697703181669,0.044332307345404554
53.120000000000005,1.3411155144578824,-0.3235016491734861,-1.4605289884054433,0.02718759148163974,-1.3528358961100837,0.04507675550773707
53.13,1.3201811867863642,-0.31948277758447396,-1.4639148118542127,0.02564395305134046,-1.355287927514792,0.04517293690081172
53.14,1.2979073723978178,-0.31597189850714325,-1.4686928021561059,0.026370095529685753,-1.3550433012532777,0.04534515270919715
53.15,1.277749661258565,-0.3101858144504865,-1.4726531392879445,0.026713115738684123,-1.3556817225211157,0.04537064207869932
53.160000000000004,1.2580516999502172,-0.3075990807549026,-1.4737816716561063,0.025868152994920655,-1.3575897295918102,0.04562462525622332
53.17,1.2353677059445471,-0.3047079780386504,-1.4760880406336507,0.026262910978893075,-1.3594454172672814,0.044302031819263205
53.18,1.2136384597342573,-0.29893859826165664,-1.4812598664697822,0.02548190340682686,-1.3605597386248638,0.041458759563232375
53.19,1.1954550467542764,-0.295017490848901,-1.4835883136787762,0.02487818898260343,-1.361768532019238,0.04452048867384277
53.2,1.1749870836915204,-0.29085994874523174,-1.4866730829716859,0.0262577129157945,-1.363660223589962,0.04400603837977649
53.21,1.156113698043641,-0.2875348974842519,-1.4891309459373447,0.024370313247071795,-1.3644308029413152,0.04515777743893965
53.22,1.1351532533365987,-0.28489756569889124,-1.4927902068049386,0.02299567568378855,-1.364317507537702,0.045791591149210276
53.230000000000004,1.1165842313353358,-0.27944116617634573,-1.4963144629698093,0.023760357683899194,-1.3674306613923617,0.0462726403464535
53.24,1.096430135321678,-0.2757184622660373,-1.4979829291054945,0.022669716636884003,-1.3687498286511999,0.04225923300095101
53.25,1.0760975783538735,-0.2724351157992263,-1.5013113914984961,0.022733350221916443,-1.3685298836094046,0.04486367537437711
53.26,1.05559352689319,-0.26780404773920424,-1.5050000113984334,0.022800728958201566,-1.3691995261998071,0.04501950548259641
53.27,1.038035657500342,-0.2647563384398502,-1.5067155564483163,0.020670283068634023,-1.372057421977668,0.04384371543045729
53.28,1.0180344593252681,-0.26154126405050643,-1.5105943902634968,0.02169184224158325,-1.3723989276418271,0.044986951317995946
53.29,1.0011983662667465,-0.2578017733281093,-1.513382111622424,0.02121424883331125,-1.373484064587871,0.04621856038857958
53.300000000000004,0.9811599985599945,-0.2550286139640541,-1.5167742691970245,0.02113519043575828,-1.37435234275736,0.043487611892661024
53.31,0.9651868455004945,-0.25042430685044514,-1.517730014225559,0.02159953186084073,-1.3774928807519058,0.04455363524777092
53.32,0.9454975671057815,-0.24710317124696413,-1.5212860384434512,0.020176847403153692,-1.377750125724186,0.044822642736351066
53.33,0.9279674834080444,-0.24328830297284904,-1.5251078896024888,0.019846426212581807,-1.3761748792888275,0.04595278915198227
53.34,0.9104091106792895,-0.24123019944069843,-1.5269115833746374,0.02149372589596674,-1.3788442979143414,0.04479866629323736
53.35,0.8950748850328923,-0.23838477559604607,-1.5306359714266107,0.018659739105594,-1.377782185409332,0.0440550957565766
53.36,0.878994298363154,-0.23535067725835318,-1.5318138295525252,0.019548614334927574,-1.3817594938918085,0.04374438820900652
53.370000000000005,0.8608419465952895,-0.23021950973057845,-1.5336579802867152,0.01914483940503607,-1.3810338857242124,0.04357194454139787
53.38,0.8463005994219511,-0.22833706662162076,-1.5358933479808023,0.016513468790266935,-1.383415355026727,0.045762468767056586
53.39,0.830058719917126,-0.22422535433735713,-1.5395491633838987,0.016969095284395233,-1.3839476480191022,0.04365440156539737
53.4,0.8155864957918283,-0.22086203961043685,-1.5410823224999628,0.017677485239470585,-1.3839908893765618,0.04253406949925952
53.410000000000004,0.7969239096094279,-0.2181516274009758,-1.5434174521828465,0.016177001053134545,-1.3873985106070823,0.04443746488312641
53.42,0.7831292285597147,-0.21555779120608518,-1.5459684284455815,0.016999877402038753,-1.3869871902864264,0.043563671473677526
53.43,0.7693749383433185,-0.21331285272474532,-1.548241064305331,0.017273553061410193,-1.3867638206669668,0.042611356488044455
53.44,0.7544403181784208,-0.21075364776487504,-1.5501048197964409,0.017714348024585998,-1.3879022822352,0.045466780821400724
53.45,0.7405623896594076,-0.20772610993674126,-1.5522533709282125,0.016313097155345874,-1.3887785459852313,0.042687141714827806
53.46,0.726387068110635,-0.20555788152829257,-1.5534097824971023,0.014239942445830017,-1.3897492567789536,0.04220318434586387
53.47,0.7135054101603638,-0.20267996611486924,-1.5579180514749424,0.01648062037937267,-1.3928889838161997,0.0434764307822225
53.480000000000004,0.7005900315900477,-0.19859840342476415,-1.5597137642811632,0.014952264601160916,-1.390534960509363,0.044484885225000596
53.49,0.6882869584019495,-0.19509478857906348,-1.5606799045329511,0.015478058761005747,-1.392550647821989,0.041733596792827204
53.5,0.6745995826412807,-0.1966638488405803,-1.5625687664419152,0.013628751282527912,-1.3926144858401301,0.042755373275196476
53.51,0.6609577663474792,-0.19182458856174334,-1.5644699755783058,0.014296145416901159,-1.3945796516954643,0.044415671277439325
53.52,0.6509200176398359,-0.190835349565324,-1.5673925233174022,0.01663387009236325,-1.3927081865402522,0.04465099901224184
53.53,0.6385711554788599,-0.18852187346974603,-1.5671016697128475,0.013439069711460225,-1.3959881061695396,0.04464382669160098
53.54,0.6279715819562054,-0.18691073742314732,-1.5682988279010697,0.01350096157699951,-1.397521165324354,0.04236062302987861
53.550000000000004,0.6167391952975201,-0.18365487517172724,-1.5706087689267758,0.014862418709853147,-1.396649766916288,0.04292511676601424
53.56,0.6077829104187839,-0.18097089694763424,-1.5725228035324272,0.013841580838666986,-1.397486624443011,0.04229844432596759
53.57,0.5984572603924542,-0.18034092691950926,-1.573606322319557,0.012066654786555785,-1.3970378699869297,0.04224206396610037
53.58,0.5881848099564847,-0.17640755891612964,-1.5748466456290122,0.013298171193156863,-1.3984325982306907,0.04323524093247202
53.59,0.5775957119916691,-0.17607083544599456,-1.5759093373283561,0.012211991729464284,-1.3975038271234073,0.04289085523676622
53.6,0.5674428898078564,-0.17407073029157444,-1.577768882724947,0.011319829442454188,-1.3998052554922686,0.04134779282160234
53.61,0.5586959194549185,-0.17324212114293192,-1.579206007879505,0.01197643197923613,-1.4003941924789116,0.044365294847254544
53.620000000000005,0.5526144534259279,-0.17186123095216052,-1.5798501111461953,0.01283742738380976,-1.4019384753522859,0.04252178924320197
53.63,0.5400328908245742,-0.16920723904363838,-1.5829029416921034,0.012457474937223142,-1.3986652500091699,0.044587869179622576
53.64,0.5342009405697004,-0.16886611485395564,-1.58200853045755,0.011311829312516812,-1.4005116837751046,0.04557106387870291
53.65,0.5279860005014075,-0.16551253628323448,-1.5833286412209762,0.011557052994658808,-1.4015712853366458,0.04233549517902235
53.660000000000004,0.5213775938524394,-0.16611612730510775,-1.5847232740223827,0.012891756551015203,-1.4026817665461129,0.042528118479625385
53.67,0.5132856745309491,-0.16463427144955056,-1.5862237515724857,0.010971227424190627,-1.4033983763232256,0.04362231833546554
53.68,0.5074781648836119,-0.16286027858921026,-1.5887735767034359,0.012666791572843866,-1.403441903751869,0.04493309609604228
53.69,0.5006496169067283,-0.16129605063470523,-1.5886419598727586,0.011737262514387543,-1.4003867556867529,0.04281776076213187
53.7,0.4960217257488023,-0.1602068956607357,-1.5881215980363634,0.009724951004044162,-1.4020744412897959,0.043409370718454306
53.71,0.48912993802092425,-0.15842944303590084,-1.58985402849793,0.010301212347154464,-1.406218676077993,0.04469534516666531
53.72,0.48393341520524125,-0.15874381431206538,-1.5912339611590078,0.012479004157525272,-1.4048454616768469,0.04365471630908973
53.730000000000004,0.478904089213747,-0.1583537236005562,-1.590721958330122,0.01206757228738234,-1.4053061537902345,0.04305059098075292
53.74,0.47464785980689395,-0.15597760041445968,-1.5904848424812565,0.01073221232383746,-1.4052790195025815,0.042922224938029066
53.75,0.4694014930271681,-0.15703280121085236,-1.592740905169121,0.011390513048367338,-1.4052489401491244,0.043012697750149834
53.76,0.4653875689030578,-0.15452896951710995,-1.5933186768265029,0.011265931222455042,-1.4052114616281146,0.04340380895691668
53.77,0.46355221721057993,-0.1535234111819581,-1.5936144572765283,0.009257491394478881,-1.4048005508621457,0.042793437267187866
53.78,0.4589747441410582,-0.15446001660058076,-1.5927357573708076,0.008550916338616975,-1.4046307885728575,0.04341810660534182
53.79,0.4540149145376545,-0.1509501452544113,-1.5945965620510056,0.008589225962401185,-1.4064915405602214,0.043507736304262114
53.800000000000004,0.4542049380657358,-0.15251256038192654,-1.597801025437348,0.011862715682084957,-1.4058659805995073,0.04108768116256422
53.81,0.4502935995070866,-0.15124079913823807,-1.5961828246955316,0.009814687594872152,-1.4069955726707277,0.042747148603853986
53.82,0.4478329266846358,-0.15046813841983986,-1.5981453768479201,0.010711905764238291,-1.4061857731232432,0.04317423707323567
53.83,0.44493435235214335,-0.14948632396670547,-1.5954340080868252,0.010125430482089437,-1.4068180799235748,0.043696174102478634
53.84,0.4443975537254084,-0.15104985598307383,-1.5978223517745347,0.01064515073018808,-1.4078465188833085,0.041321675585231754
53.85,0.44076967346824303,-0.14962872992745757,-1.5958231490601833,0.009752492390549566,-1.407081894045651,0.04315152385801451
53.86,0.4393336444577682,-0.15032177254219248,-1.5971250736120202,0.009295180797624087,-1.4077381960446345,0.0428361444473327
53.870000000000005,0.4387913939065934,-0.15074174983505226,-1.5977405227337669,0.009186603947654672,-1.4077488659561692,0.04369864549029057
53.88,0.4372412504955761,-0.1477308692115834,-1.5978704558654933,0.011134397632745107,-1.4065303940157448,0.04299673824640513
53.89,0.4351272598186108,-0.14908063138549468,-1.5984273072473547,0.009770935618848335,-1.407149736136357,0.041741434663732896
53.9,0.4346446602402339,-0.14970481241831507,-1.5983147718542134,0.009582347478098541,-1.407950731426195,0.04312307825471372
53.910000000000004,0.43430000838023897,-0.14867902756976056,-1.5991745572789842,0.0095157787501792,-1.4055998374307492,0.04239497310454254
53.92,0.43226953082177055,-0.14827267417686613,-1.5989061411456473,0.010440197319175188,-1.4074937637834117,0.04348238684388841
53.93,0.43356342743596826,-0.14868081685879564,-1.59735534610082,0.00828280407810251,-1.4085997477824523,0.042281676381863184
53.94,0.43182580598588016,-0.14883454523492712,-1.5989137842969006,0.011062325169773391,-1.4075408866398829,0.04281519616071099
53.95,0.4327202184478938,-0.14928580189610116,-1.5976697527786705,0.01126283680853919,-1.4085367364540684,0.044414397322213646
53.96,0.43229589987841854,-0.14899165432172448,-1.5980601265385115,0.01069400771285708,-1.4075513152312256,0.04269813555462369
53.97,0.4338002004258407,-0.14885879225646761,-1.5985484145233029,0.011679609689782362,-1.4086622026441957,0.042599891361753545
53.980000000000004,0.4336176260424187,-0.14784366975147634,-1.59771635998837,0.009046013858694238,-1.4072183942134089,0.0427511515821963
53.99,0.4346859580337784,-0.14759424340550797,-1.5985190405766272,0.010449549953887608,-1.4074524511830393,0.04361001088105682
54.0,0.4319527367796507,-0.14710862312072892,-1.5996560426454691,0.010378934493328718,-1.408219319823703,0.04303737400861625
54.01,0.4335622090076852,-0.14979430327631563,-1.5986478977280973,0.008943575000815092,-1.4077438072134416,0.04174127449607778
54.02,0.4328411846736057,-0.14867190339636513,-1.5978480125899885,0.01127211920445683,-1.4074907077724261,0.043779861093624625
54.03,0.4339064227550544,-0.1491046867239668,-1.5972477388580582,0.010167764534085577,-1.408353794717688,0.04326045756807377
54.04,0.432637085127916,-0.1495278494313457,-1.599460846948645,0.011628826297952798,-1.4072568975770632,0.04429310942249516
54.050000000000004,0.4323364713550498,-0.14899955328055667,-1.5999689690911356,0.011044719209306391,-1.4071416557336602,0.04264434970149794
54.06,0.4320082740419518,-0.1473166207671742,-1.5986547069715982,0.010054674971794792,-1.4080242713342919,0.04264442451415413
54.07,0.43318007273757825,-0.14953607728322818,-1.5984295434582136,0.01103390527798153,-1.4075739659389268,0.04391998596545273
54.08,0.4338698934520307,-0.14751147565067077,-1.5989688441048742,0.010169074198589508,-1.407198258590324,0.042590066021915715
54.09,0.4322609571226405,-0.1487915836331689,-1.5962803246393864,0.009963428718935253,-1.4065674045995384,0.0422413033829262
54.1,0.4341850788765872,-0.14863036243560393,-1.5984537689270897,0.0086006476679193,-1.4065255818236506,0.044163453782516696
54.11,0.43166391007559596,-0.1472747899129195,-1.5996670035915403,0.010751582668809757,-1.4077513010359501,0.0441661014892697
54.120000000000005,0.4329174605790044,-0.14748714061810014,-1.5974198535389401,0.009946027089768186,-1.4075252228568054,0.04203031099268671
54.13,0.4324381793853461,-0.14661831159874972,-1.59784045536485,0.009288414932840277,-1.4060762977214172,0.04333946931325349
54.14,0.43342468206905144,-0.14787193285491698,-1.598133691666022,0.008456665796802746,-1.4065339957059355,0.041032721197467745
54.15,0.4335866169806216,-0.14821311175661228,-1.5977709198794476,0.010338230840127218,-1.406589154612365,0.043014091834366434
54.160000000000004,0.43294515477593376,-0.14794678018118199,-1.5968605753380063,0.010723838825277849,-1.4086491708936058,0.04250783480266161
54.17,0.4332218569471653,-0.14720066427727618,-1.599130217532975,0.012154661962334076,-1.4073467567712747,0.04336701429507607
54.18,0.431605614423333,-0.14732656304593233,-1.5988890200798438,0.009549094437920671,-1.4077768030402142,0.04420670102003721
54.19,0.43310643719978814,-0.14907587323528,-1.5989628429668419,0.011430078887974888,-1.407706281350233,0.04348905221629749
54.2,0.433402625082081,-0.15128345505521162,-1.5973966107461768,0.009456183007906271,-1.4078146725230394,0.04434330951165181
54.21,0.43396267999890037,-0.14786996840977698,-1.5978643170977818,0.011053432601046447,-1.4062519953855153,0.04435910412631018
54.22,0.4327939879276758,-0.14894344622269723,-1.5987226627480873,0.01031100299780149,-1.407546310017973,0.042116669731918105
54.230000000000004,0.43308117482453606,-0.14966815284309465,-1.598425485370614,0.010330463512121307,-1.4073994334869144,0.04374282504454084
54.24,0.4333271020883964,-0.1463603472381579,-1.5989517887602025,0.010443764171484458,-1.4073121704820741,0.043146770291040734
54.25,0.4315962064524615,-0.1493327775617707,-1.598494356940398,0.008824773123339411,-1.4077916491911628,0.042434915096717464
54.26,0.43243996562906467,-0.1473118583207845,-1.5994410253444842,0.01095904295041602,-1.4079985425589927,0.042610134697077535
54.27,0.43310626522576795,-0.14853923969832714,-1.5992788250509598,0.009876872094654586,-1.409050405358712,0.04333264624640746
54.28,0.42999312520334515,-0.14752505672272012,-1.5979630826595486,0.011597515495706272,-1.4055957784916566,0.04381661421453
54.29,0.4321524858212038,-0.14640402929861582,-1.5995419033216678,0.008539577845862449,-1.405883420247019,0.04352495854702237
54.300000000000004,0.4310630403735192,-0.14948277403105711,-1.5980189130545166,0.009440812459552948,-1.4081336844546608,0.044716027297762015
54.31,0.4345746530141368,-0.14817192564172643,-1.5986313303432105,0.010987540710967412,-1.4079900942324322,0.0410534995890338
54.32,0.430290110853923,-0.14836422666555968,-1.597730415749327,0.01021396259438536,-1.406793175888924,0.0437939795848889
54.33,0.43390954866090214,-0.14813745351547852,-1.5982592533731832,0.010167886356038311,-1.4077254990470895,0.041628145061907366
54.34,0.433722749057453,-0.1486348939844124,-1.5988848872719221,0.009727349179233763,-1.408669709045171,0.042925349470092515
54.35,0.4331506658311896,-0.1489154794640678,-1.5975945222182553,0.009878500440378782,-1.4088374930880674,0.044198777979302134
54.36,0.43287319135628227,-0.14754664327840478,-1.5977260689517212,0.00937436343724448,-1.4079554556855334,0.0439025848710381
54.370000000000005,0.4343015294065433,-0.14824477211129905,-1.5990473264198357,0.011668115245521572,-1.408046835103698,0.043287080939652604
54.38,0.43232668902524596,-0.1480651897093931,-1.5993250626154147,0.009873046617759713,-1.4080474201086823,0.04357791184439363
54.39,0.4328424314776124,-0.14753187994069336,-1.599220611501074,0.010018092197785875,-1.4069545570780282,0.04374935724552028
54.4,0.43143831531060217,-0.1480226706661482,-1.5992096946746477,0.010993514783460702,-1.4058764031126125,0.04072067142831949
54.410000000000004,0.43212757725077283,-0.14806981660094268,-1.5985033547435945,0.011020000117070682,-1.4074310032785522,0.04253771376559751
54.42,0.4318095930137606,-0.14933719172965385,-1.5991481714765639,0.009706858977346468,-1.407165112868869,0.04286322995728686
54.43,0.4321319878273474,-0.14918079463396233,-1.5991131589245324,0.00970778851544429,-1.4081528628355602,0.04358740171570592
54.44,0.43389384394057284,-0.14932630825531404,-1.5975232666975878,0.010804963178806725,-1.4073430350144063,0.044332265881622736
54.45,0.4325514129410618,-0.14794927864020113,-1.5983920306059114,0.010243067489129799,-1.4070994481166852,0.04304051067221297
54.46,0.4331067642844556,-0.1488845283065511,-1.5990572660472577,0.009611510872036672,-1.4078183459185476,0.04388425758614228
54.47,0.43229665020866126,-0.14773062047842156,-1.598268354436207,0.009814786955556293,-1.4063575227116667,0.04364237818626521
54.480000000000004,0.4327015551662999,-0.14837080677672715,-1.5984182081460008,0.008865226603960875,-1.4082199144398817,0.0434036209190444
54.49,0.43131863707915713,-0.14895242549448334,-1.5988425595318319,0.012733916691715001,-1.406912053335379,0.04395761139381284
54.5,0.43199737650156855,-0.1479840465994024,-1.6000360420291544,0.009911484258752722,-1.407058985031519,0.041762929931336734
54.51,0.4330430767006078,-0.1478845493000518,-1.5990257832593484,0.00947149540018283,-1.4081241662075081,0.04269722992196025
54.52,0.43242356251903563,-0.14785528247054788,-1.5989663541842518,0.011598118812658063,-1.4061082096379856,0.04320612450759146
54.53,0.4323992500076148,-0.14876537572503576,-1.598223575962686,0.010629102133130749,-1.4076754094010935,0.04265692978257937
54.54,0.4330078266009275,-0.1482397499284536,-1.598999271050495,0.010298645592736824,-1.4080281970651034,0.04234405407722836
54.550000000000004,0.43269565656335,-0.14880149361732153,-1.5991396619689495,0.011112557635561592,-1.4078422636660974,0.04460863651826282
54.56,0.4332468456555797,-0.14901619881675002,-1.59748791881326,0.009574631512076352,-1.4057779294338744,0.04319739069041005
54.57,0.4331734793800822,-0.14827298858044669,-1.5982679736737517,0.010000064089848621,-1.4083079202059552,0.0432964224298957
54.58,0.43359430615532385,-0.14933903145287622,-1.5971556829868034,0.010724591162119905,-1.4078812743133515,0.04260313164426461
54.59,0.43432678861644813,-0.14748080815929093,-1.5975051176582202,0.009980907317687634,-1.4070152209409352,0.04330489035628787
54.6,0.43254758890822004,-0.14820465518341885,-1.5975312976066867,0.011595906955895576,-1.4077194722865733,0.041854142254824936
54.61,0.43413430541077325,-0.14685472956560885,-1.5981505960081603,0.01176436562841905,-1.4072141016948008,0.04220669645702027
54.620000000000005,0.4315549506183223,-0.14945339058529852,-1.5984960234200631,0.009793123913046788,-1.408005146822949,0.042906706369719314
54.63,0.4334487212442352,-0.14877735477312312,-1.59912429856248,0.009780239013684373,-1.4066963409109061,0.04293889786583833
54.64,0.432944265569583,-0.14694473129170318,-1.5960187760166535,0.010758843444547458,-1.4070275771921996,0.04196630515136997
54.65,0.4330215904798726,-0.14824589890181428,-1.5977213665116108,0.009858049105594633,-1.4073248413185457,0.04352816484178678
54.660000000000004,0.4343567909459979,-0.14693535167345562,-1.5973951434404021,0.010834531266105162,-1.4078764034079492,0.0436340246247546
54.67,0.43202606909682745,-0.14847995991165855,-1.596948080429993,0.010669477620410787,-1.4073018937228758,0.0433104162867903
54.68,0.4326181197365663,-0.15018130645752012,-1.599603385938146,0.010738642073560456,-1.4083033271894674,0.04290611372989982
54.69,0.4316288538070473,-0.1489271383461019,-1.598503718888385,0.011006220496896302,-1.4065188392764716,0.042358908073103045
54.7,0.4329676490669954,-0.14954392121399357,-1.5984507724654446,0.011031926826757155,-1.4075585098882222,0.044148153714064935
54.71,0.43343034987012996,-0.1480894046032603,-1.5987179085290149,0.009733709293773643,-1.4087723161104937,0.041869762030630815
54.72,0.43356824427912943,-0.1469790555786874,-1.599443382448261,0.010259504317193014,-1.408873987255738,0.04214759553436839
54.730000000000004,0.43292674387021357,-0.14875264855430756,-1.6001721943061622,0.011699992479388332,-1.407542888532564,0.042036224345397895
54.74,0.4328117309239232,-0.14837056993824416,-1.598131887736255,0.009903420738670326,-1.4072257577366396,0.04382347773382795
54.75,0.43154966733081024,-0.14890497828945087,-1.5977676057739252,0.00971882570326175,-1.407571272697194,0.04258950510545521
54.76,0.4323439309940082,-0.14873016696439204,-1.5995984125244889,0.010600724937390551,-1.4065729655837025,0.042845982855749545
54.77,0.4335285627126718,-0.14872855056636503,-1.5989800666279796,0.010558400659210975,-1.4071270452624465,0.04290159944565511
54.78,0.4332904345103121,-0.14942309918984042,-1.598765265663626,0.011041962387365023,-1.4066603864551956,0.04372957004556955
54.79,0.4335907629556792,-0.14862510296197673,-1.5999880660475858,0.009974166270396196,-1.4069449890233054,0.043697640162992525
54.800000000000004,0.4322407414854609,-0.14914475311996675,-1.5992579173971433,0.009725559529173113,-1.4091555665513291,0.04253997850130668
54.81,0.4327417803204673,-0.14838542018452267,-1.5987882154650106,0.009598507163686909,-1.4079998685519717,0.04251556233826223
54.82,0.4333156475842107,-0.14830081064898443,-1.5957364101652955,0.009909981384692613,-1.4071178835922615,0.04272944448375089
54.83,0.43240823761129,-0.14693657360005788,-1.5976294748203161,0.008668744272408083,-1.4083923222592751,0.0428811067691655
54.84,0.4322487339894431,-0.14961626371809625,-1.5983989410866766,0.008561026629051994,-1.4073893873488927,0.04363702481191114
54.85,0.43346160573551645,-0.1484259377834475,-1.597181564536251,0.010489398319790726,-1.4067618781852855,0.04235748868731011
54.86,0.4340278768608854,-0.14830258106141186,-1.5971240076579483,0.011385212330496285,-1.4072751684236653,0.043354028634001444
54.870000000000005,0.4325429759884076,-0.14901487191092758,-1.5979805915958265,0.010674766313375212,-1.408912558281278,0.04292776160891513
54.88,0.4334574854280588,-0.14702090308673366,-1.597867041942401,0.008875934996203984,-1.4084201763954618,0.04269806057458292
54.89,0.43392069369353004,-0.14882977402409103,-1.597576197297844,0.009656214224763798,-1.4070352032655562,0.04217967039357728
54.9,0.43253086590873013,-0.1492875173450316,-1.5972406580933662,0.00959362695400323,-1.4088501399924878,0.04158077070860416
54.910000000000004,0.4326254458102686,-0.1486997398691525,-1.5979338817687112,0.009994822211766178,-1.4064825025325798,0.042663660926318375
54.92,0.4335957744937133,-0.14913126280595318,-1.5998119057450364,0.009481501708983514,-1.4084850138822307,0.041917345135301355
54.93,0.43306097962379764,-0.1485306597486888,-1.5983762776009427,0.01066037370047147,-1.4089710478940927,0.0434973581582031
54.94,0.4316482603720629,-0.14880337041694813,-1.6001511910693227,0.01077122889820235,-1.408973985502632,0.04195270747442696
54.95,0.43171599977149594,-0.14841236430006197,-1.5986389886286079,0.0109085147094427,-1.407591254095298,0.043842793666052225
54.96,0.43303102298554436,-0.14912508634573277,-1.5990822370141116,0.011518232684742646,-1.4064288646599719,0.04371914426177483
54.97,0.43353382163212345,-0.14789410142044132,-1.598207564259312,0.01024338440616699,-1.4060174743693548,0.04259450900774958
54.980000000000004,0.4329097013317584,-0.14979074717359292,-1.599748536237711,0.011784027873193041,-1.406961757681491,0.04281438553389164
54.99,0.43276835109655337,-0.14948518514065576,-1.5988736051767622,0.008927535613183223,-1.4077577026163925,0.04359369165304619
55.0,0.43309557977650376,-0.14691323169549725,-1.598242796599974,0.008037116058691335,-1.4057977218961408,0.04226635664058164
55.01,0.4328443619182675,-0.14821169690631164,-1.598289340125683,0.010241995670080424,-1.407442512784781,0.041846659194131726
55.02,0.43498059509816805,-0.14773595128958206,-1.5984512630368732,0.01180778030027758,-1.4084340506136175,0.04375785429000191
55.03,0.43229265586466786,-0.14796375938153572,-1.5981179974245447,0.008162536286047444,-1.4087447401573758,0.04438456795678375
55.04,0.43266138689857037,-0.14658825146901816,-1.597329416721764,0.010011305654518101,-1.4077583550953279,0.044438840695840885
55.050000000000004,0.4348869211981292,-0.14861786936667387,-1.5971048149519678,0.01110570620453851,-1.4064295015762662,0.043088898359809905
55.06,0.43271629563931185,-0.149336316715259,-1.5995475016171656,0.011879303939168568,-1.407454303671514,0.04200207840281381
55.07,0.4345251476906593,-0.14890100754349786,-1.598925178947892,0.01202317749204758,-1.4086042988618594,0.04320682507072708
55.08,0.4335920613347389,-0.14922617591566054,-1.599565775961586,0.010279397196529877,-1.4081782522495443,0.043518603882368105
55.09,0.4346479205415293,-0.14895603892311832,-1.598958875053624,0.011487240057720215,-1.4067387939597404,0.04240899001581749
55.1,0.4342211028377179,-0.15046920087638718,-1.5971003909884645,0.011046097746815524,-1.4064244418113856,0.04289989282569298
55.11,0.43697876153359144,-0.1480924955301791,-1.598023285085842,0.009957049528725786,-1.4081376838345177,0.04337830899858298
55.120000000000005,0.43779369899761017,-0.1495421761158337,-1.5980594262521353,0.010100021425894806,-1.4065334777006229,0.04180894971211945
55.13,0.4375454778404163,-0.15036693924656921,-1.597755982040144,0.010588219343618718,-1.4080845581747756,0.04380369617078461
55.14,0.4411760566230624,-0.14932609581864834,-1.5964375839213976,0.00954149872765295,-1.4078463593097559,0.043462029864579504
55.15,0.4414520738397712,-0.15077225549343332,-1.595935341186472,0.010631749909409474,-1.40636068785531,0.04242738979021894
55.160000000000004,0.44474424633075665,-0.1504742512002625,-1.5960200760354921,0.009897286156070374,-1.4067188379436562,0.04350580986603827
55.17,0.44702897681978354,-0.1511090765550057,-1.5964304514210153,0.010961502413591936,-1.4079802615633867,0.04112514695776436
55.18,0.44665434271828264,-0.15031208856355407,-1.5947731926987154,0.009683071429468337,-1.4076733791905298,0.04436595189599235
55.19,0.4495011128080374,-0.1519566958641131,-1.5946261216353075,0.01166646755847901,-1.4056483557790032,0.04153753304738621
55.2,0.4516116466312186,-0.15117759622844207,-1.5952137484767075,0.009910778418420202,-1.4066014283555992,0.0440054696865908
55.21,0.45701068842771647,-0.1527324498870256,-1.5956443560622207,0.010406832278604842,-1.4049508317752664,0.044196284939001344
55.22,0.45907513868221256,-0.15381126726282407,-1.5936146254913368,0.012126363160519798,-1.4071978357975183,0.04284424911298311
55.230000000000004,0.4634101279311255,-0.15395845607056416,-1.594460240440736,0.010939726565740342,-1.4053963997888856,0.042070013778917434
55.24,0.46625109244381835,-0.1544286732340079,-1.5938952502254689,0.010171278144431915,-1.4059633176945698,0.04221285828369677
55.25,0.47096603693418443,-0.15638831957372576,-1.59269266409776,0.010603826995232641,-1.4058673424274877,0.04426412854232985
55.26,0.47444907355461746,-0.15695020626072181,-1.5928728100550353,0.011310732268605612,-1.4042696675392468,0.04418415901667889
55.27,0.47904980139354775,-0.1574574287101094,-1.5913941985474336,0.011250863017648285,-1.4053870829334352,0.04435973544057594
55.28,0.48414728033056126,-0.15774228390790287,-1.5903964900346856,0.011553511417009166,-1.4052939984829407,0.04308681576175021
55.29,0.4913539234088703,-0.1578326636351575,-1.5898425987224576,0.010982773768491376,-1.406039343336049,0.042667800621901106
55.300000000000004,0.4948394854188217,-0.16056289935008644,-1.5893620696245352,0.011954014133632626,-1.4046446513665893,0.043349703382883194
55.31,0.5006689359626084,-0.16218449382419847,-1.5868042536562117,0.012177435176764713,-1.40410689631619,0.043573680380520605
55.32,0.5057267091762663,-0.16318313382647157,-1.5861782777236526,0.011951777521958131,-1.402813935436814,0.04399467886255889
55.33,0.5139672003433534,-0.16408765175000942,-1.5855430670119934,0.010297543048602706,-1.4032438437369652,0.04306044984703901
55.34,0.5207299029231941,-0.16545279074226332,-1.5868918885041348,0.010224722132632353,-1.4023121497400328,0.04274036798974209
55.35,0.5266024819934063,-0.16748587971741344,-1.5841439315880368,0.013179650346169637,-1.4017077090543546,0.04431822257589123
55.36,0.5345439105517755,-0.16759880988230114,-1.5819569928839607,0.012050912450332697,-1.401353936442797,0.04285677212044664
55.370000000000005,0.5431922325559512,-0.1687022229486899,-1.5816567145359595,0.01214037574440613,-1.402217584509463,0.04315533103074048
55.38,0.5506455947006166,-0.1708516447907525,-1.5806376599954308,0.013871186648426615,-1.4010288282081058,0.041837539197004746
55.39,0.5582885348980019,-0.17324297610456832,-1.5785213621750618,0.011531855757111926,-1.4009289216032357,0.04358863947549008
55.4,0.5688349513832975,-0.17573913384505038,-1.5796875294764086,0.012148977332563192,-1.3988117513202323,0.04336825288585285
55.410000000000004,0.5765841113101458,-0.175503878077953,-1.5766575595367522,0.012919463202644437,-1.4002461157836523,0.04258729031591429
55.42,0.5884282563161154,-0.17826956620887888,-1.5761752187665987,0.012864340883725978,-1.3981651267846946,0.04404759387166204
55.43,0.5970818090859112,-0.180458481481099,-1.572754091903629,0.014099994615010108,-1.3980689975860283,0.04318249929328221
55.44,0.6072205849187234,-0.18088711843108338,-1.5736618143095316,0.013648216099211206,-1.397098988905083,0.04281464980167902
55.45,0.6166874395170515,-0.18292670895771104,-1.5702920435954806,0.015629372561001206,-1.3969401547341416,0.04345114813512657
55.46,0.6282899654521191,-0.18515148650074043,-1.5679447482368611,0.014083473872440947,-1.3967492244148463,0.042730575446318315
55.47,0.639309341884562,-0.18710492004321386,-1.568713543556338,0.013198084091542928,-1.3944639514071524,0.042242091545099836
55.480000000000004,0.6497021776392369,-0.18930851291831863,-1.5659153519166222,0.0141830384544397,-1.3932414488504892,0.042464032807144565
55.49,0.6614126196546615,-0.19115826212419706,-1.5637394908597761,0.01526637993687787,-1.393997869586961,0.04331988846090558
55.5,0.6740639735395174,-0.19464582539923247,-1.561388748064192,0.015080987418064897,-1.3920716451371284,0.044012814889382385
55.51,0.6862543603473675,-0.19745650299981043,-1.5606272844071958,0.015810589547474427,-1.3918460130544055,0.04356837104636715
55.52,0.7008713771435617,-0.20142794169450579,-1.5588349678129014,0.014950289630617062,-1.391260946477343,0.04396265609294237
55.53,0.7131270700920891,-0.20347937487458653,-1.555977623774374,0.01577012413544225,-1.3919747162281637,0.043246062677525086
55.54,0.7269169367552675,-0.20348302980809693,-1.5552586908654429,0.016609915493744246,-1.3908255810574406,0.04241922233339409
55.550000000000004,0.739313444457492,-0.20705287322135604,-1.5521228416034998,0.015914010912940108,-1.3886607532279331,0.04358841993308949
55.56,0.7545619918625065,-0.21056145505264992,-1.5510134949605343,0.017938919738405883,-1.3869934331729747,0.04496579609765345
55.57,0.7684007059196659,-0.21366732839109565,-1.548312292415097,0.01768071136914937,-1.387352321230094,0.04312997977956823
55.58,0.7839019005166528,-0.21654975747867106,-1.546921055785392,0.017142535318712716,-1.3869207128667074,0.04361848347661254
55.59,0.7962576216750006,-0.2195788411416969,-1.5435196149626955,0.015998738145510227,-1.386864010241261,0.043691251612707906
55.6,0.8145280537198614,-0.22252940107541286,-1.5414061286615495,0.017411553365102923,-1.3860158683477006,0.04471807150283237
55.61,0.8293658718629697,-0.22490916254161458,-1.538504689126312,0.016562621603457246,-1.3829141561375051,0.0446298130748326
55.620000000000005,0.8455477516272145,-0.22741897404398428,-1.5367239498217875,0.01898681617553188,-1.3834821867536768,0.04371327635779751
55.63,0.8616334792445267,-0.23097446835069865,-1.5330727630890464,0.02045804208006374,-1.381889893000283,0.04418109275699493
55.64,0.8773739334653781,-0.23321250577113373,-1.531981610445265,0.021613586844018654,-1.3822652666084632,0.0456742097222262
55.65,0.8956783457587617,-0.2383176060148156,-1.5269888873600896,0.018384571664726276,-1.3800783441268618,0.04269879531950468
55.660000000000004,0.9116939059690181,-0.2406613608962506,-1.525731136919112,0.021653650518884942,-1.3792323142831355,0.04145872176535774
55.67,0.9296595741158629,-0.24442350380418415,-1.5222714295526825,0.019831827791076426,-1.3784119393908372,0.04300789583449295
55.68,0.947166928451694,-0.24756101412136167,-1.5199416084772739,0.020019439868884468,-1.3754644063255348,0.042718979287704455
55.69,0.9628876034259909,-0.2500232906151611,-1.5189539489744308,0.02031932830359648,-1.3765164991351908,0.04300804317143115
55.7,0.9829866551972141,-0.25423673386747386,-1.516763164727021,0.02159008624142238,-1.3735274651365292,0.04389273743625785
55.71,1.0015737824205804,-0.25861402653723237,-1.51258757556524,0.021396904801073615,-1.3741487732760238,0.045812162471034375
55.72,1.0194006760716807,-0.26181973435493,-1.5102924718679198,0.020856875878422734,-1.3733588543374555,0.0436615760915158
55.730000000000004,1.0375898434709825,-0.2656138620177071,-1.5064020943810839,0.02131204027554423,-1.372040535905284,0.043052676789309935
55.74,1.055749034025171,-0.26766568503966304,-1.5044199098381612,0.022951480629575385,-1.3692028613003433,0.04383059243114692
55.75,1.0773098692174252,-0.2728005316798275,-1.5027207582272641,0.023047984181582375,-1.3688172846938234,0.04428062750362846
55.76,1.0962738972089852,-0.27589152508870507,-1.4985798294289694,0.024285303962092972,-1.3675502297642712,0.04462198331863764
55.77,1.1137116929230577,-0.27650758364745986,-1.4972999410126688,0.02300891691046231,-1.3671076382508447,0.0460653970873851
55.78,1.1341767224819872,-0.28317327702336487,-1.4934327139548729,0.022956374895162588,-1.3649290685062614,0.04363387864782844
55.79,1.1548174712180497,-0.2868530888717551,-1.488279995790933,0.02315060749805281,-1.3643653560266382,0.04419983810190483
55.800000000000004,1.1747485539151399,-0.2890332739542783,-1.487071101196798,0.022443890621566442,-1.3631998195939066,0.04422994439386256
55.81,1.194817123077296,-0.29580953321408743,-1.4850234731756093,0.026922764331019013,-1.3615334622614144,0.044201923593850966
55.82,1.217324436152966,-0.2998787974318948,-1.4802711604241225,0.02434609877583436,-1.3599310138055891,0.04341637628629223
55.83,1.2364712171345777,-0.30138399903715485,-1.4776187954022062,0.02392355133845137,-1.35932075621857,0.04486268329341206
55.84,1.2575845537625552,-0.3057982176061484,-1.473251631901299,0.02612631886882041,-1.3586845671717362,0.043504584842013264
55.85,1.2772013965505922,-0.31069029825394906,-1.472620164183765,0.025838053053821402,-1.3563673353222925,0.04395400813171167
55.86,1.298998285072254,-0.3158635137787879,-1.4680339456977607,0.02638210892219488,-1.3572590538133038,0.04539014039220527
55.870000000000005,1.319191260721378,-0.3194397907173062,-1.465711991376158,0.027941994417897152,-1.3540425433042869,0.04506692869227631
55.88,1.3405541349258419,-0.3233577267850808,-1.4615518406251427,0.029228622561979396,-1.3527930966529513,0.043756428652886335
55.89,1.3626063136652273,-0.32756980413808373,-1.4604513192889768,0.026685322338317902,-1.351839713010554,0.04468588869124231
55.9,1.3835493993281727,-0.33078406133219357,-1.456300165195407,0.027503043739162014,-1.3512176276459353,0.04417673712550586
55.910000000000004,1.4052767326026683,-0.33639828715063996,-1.4541170582818905,0.026889476142578715,-1.3490997829106335,0.04376227681780585
55.92,1.4251765937030059,-0.3393184871078135,-1.4476518111314636,0.029469601419392474,-1.347678495870553,0.045027996127281054
55.93,1.4465767820439033,-0.3432634168697857,-1.4446599444963948,0.03157671189311984,-1.346995968040818,0.04383469453256538
55.94,1.471510800268055,-0.34779035688057813,-1.4417111856715572,0.029832080217777997,-1.3450747490117534,0.04394505154093579
55.95,1.492102915425079,-0.3527262503790224,-1.4371539855326263,0.03129950926236705,-1.345884230185001,0.04490209551399052
55.96,1.5142547489152438,-0.35704161574209636,-1.4368795356791764,0.03182197814114104,-1.3435371174747295,0.04544483729698902
55.97,1.5348817363767806,-0.3613060152350952,-1.4317956091864301,0.03209796505070735,-1.3413605288157324,0.04495584982364714
55.980000000000004,1.5577607091483672,-0.3657480021755955,-1.430662435759003,0.03259379960996738,-1.3387409104015082,0.04554856370035908
55.99,1.5798082682321692,-0.37033241770328934,-1.4252796138620467,0.0329435617897311,-1.3380999969782743,0.04596286773705301
56.0,1.6028840521767242,-0.3744727783268848,-1.4238748445739313,0.0330792887991323,-1.3382550489728249,0.04414381772116636
56.01,1.6244782734461207,-0.37860279174061284,-1.4194645650765665,0.03195284653927855,-1.3360816380999667,0.04617157541543783
56.02,1.646376936983531,-0.38103082055037496,-1.4162295247340553,0.03477286820258691,-1.3344485087251732,0.04479567609378433
56.03,1.6675386610644738,-0.38538700560641104,-1.41402864489791,0.033303531314149565,-1.3336373766691523,0.04415186904706875
56.04,1.6879879017307742,-0.3907390241073282,-1.4087171295157426,0.03550366531059585,-1.331921656000161,0.045414656923064435
56.050000000000004,1.7127141805507695,-0.3950480114052937,-1.4060905009719529,0.034565271524286394,-1.3320172366624825,0.046330550912352886
56.06,1.7324084228372336,-0.39816791511398064,-1.4032403143141496,0.03659113528884031,-1.3304585212373492,0.04635138906460203
56.07,1.7551849550452878,-0.4045272041108165,-1.400209098172296,0.03681703882140831,-1.3268570893885245,0.04599911427585957
56.08,1.7757273420058344,-0.4079811843067657,-1.3960052647191545,0.03597619446240343,-1.327321966175821,0.04521804473737534
56.09,1.7984419973653394,-0.4097213644512222,-1.3923558292484526,0.036776717130323065,-1.3264774353387914,0.04603506619156609
56.1,1.8206467560605493,-0.41456859210748764,-1.389834623896218,0.036760527954729234,-1.324101705161767,0.04649869103087084
56.11,1.8408301956296553,-0.4196644457004334,-1.3873926392225184,0.039864175585333436,-1.3238957944282432,0.044671502614280725
56.120000000000005,1.8621095003305261,-0.4238618844978879,-1.3826912358549885,0.03894232663084026,-1.3228990777494958,0.044908629567674274
56.13,1.8824375158791766,-0.4270925508069424,-1.3800173469980768,0.03810896397398961,-1.3203778678423783,0.04462328872713333
56.14,1.9036765892818153,-0.43298158779679313,-1.3770879392354594,0.038967952971587415,-1.320159756399579,0.04601166364913754
56.15,1.9262499155332427,-0.43679311686541955,-1.3743415216170576,0.03970132781064553,-1.3180475237044702,0.04448449676440072
56.160000000000004,1.945817042387625,-0.44032945628069114,-1.371066646666745,0.03954785788020784,-1.315424302876131,0.045537376146558395
56.17,1.965440029649412,-0.4438319542381112,-1.366274453895893,0.03991722432797427,-1.3159303302810106,0.045490319352148076
56.18,1.9880420303593094,-0.4481492302656523,-1.3660257580598931,0.039877653566967784,-1.314370279453712,0.04626101042587191
56.19,2.007464031445328,-0.45207609756912226,-1.3615903749988598,0.04018331730284306,-1.3131688384233071,0.04623803431393904
56.2,2.0272168424407373,-0.4554575910637656,-1.359531632472295,0.04032247501371206,-1.3124517426081623,0.04705830428564952
56.21,2.0468669088499025,-0.46000488975950543,-1.3555791291884083,0.042666491404490345,-1.3089681002622702,0.04553460016240707
56.22,2.0687698358539235,-0.4635236217618593,-1.3526465060226338,0.04227444185509885,-1.31085678121328,0.04589691833727563
56.230000000000004,2.0884444788148895,-0.46799713139252663,-1.3491891669001694,0.04091206800676021,-1.3082077507710417,0.04714546556527143
56.24,2.1074213819660317,-0.4718694086540004,-1.347890648546394,0.04314196993827391,-1.3063072000888027,0.045960387447536104
56.25,2.1265702557367523,-0.47643156789260377,-1.3436272070786488,0.042576559162165566,-1.3065078941207855,0.047454717426826554
56.26,2.1445600245369656,-0.4798930873369956,-1.3406529270256085,0.04321469652156061,-1.305261151603383,0.046316481758547835
56.27,2.16530037236822,-0.48293757086047345,-1.338522457519809,0.043962940951885965,-1.3035271863557014,0.04653430550045285
56.28,2.1832935519085046,-0.4853929959953242,-1.3343610680629323,0.044325065023178324,-1.302640447269216,0.04594068097086145
56.29,2.201762902519439,-0.49007875444848215,-1.3326688894124605,0.0450376451592438,-1.3022179279555413,0.04611366978124163
56.300000000000004,2.2204010090401076,-0.4912282852567498,-1.329031292473668,0.04561638710665301,-1.2995443388662729,0.04573608048337844
56.31,2.2397966133077323,-0.4961142028832704,-1.3269903166118802,0.04429062877592667,-1.2996172809005169,0.044703605766522575
56.32,2.2561600612961628,-0.5001820925219835,-1.3246252024487737,0.04448731168268645,-1.297587094824681,0.04679370867980975
56.33,2.2753809577033923,-0.5016068286855909,-1.3215053553039846,0.046931078837584204,-1.2969224599246636,0.04593518643540793
56.34,2.290935585166908,-0.5058270628069353,-1.3154771388009956,0.047392469114753914,-1.295900297373636,0.04676134281900263
56.35,2.3086010596731668,-0.5097405268222047,-1.3158268674514795,0.04656956997382502,-1.2959786717628767,0.04679004339866629
56.36,2.3254627994504213,-0.5130142119444434,-1.3136995779766794,0.047869589644252517,-1.2941379417384316,0.04600970508272447
56.370000000000005,2.3407713175630875,-0.5162807598155263,-1.310154802551332,0.04717842580941631,-1.2927922785274895,0.04614621091294307
56.38,2.357216891343625,-0.519945008906175,-1.3089731027102327,0.0472153070508075,-1.2910244815958551,0.04636463736392677
56.39,2.37343560726894,-0.5223983829370779,-1.3063460068986,0.04927709016875675,-1.2920904255373389,0.046729452513933026
56.4,2.387715172907315,-0.5241813174357847,-1.3044169879288825,0.04697530259702436,-1.2913608300894777,0.04722531706227542
56.410000000000004,2.4029467308747967,-0.5279567914359693,-1.3023936822743567,0.04840800256003168,-1.2899176593872201,0.04571106260807598
56.42,2.4189902599911446,-0.5305937773212052,-1.3000170729997573,0.049237838338283574,-1.2886410401052413,0.04710297254511591
56.43,2.434490758478887,-0.5343996337588317,-1.2983816197923657,0.04999058801470558,-1.2882576617892167,0.04703301337262288
56.44,2.4485615877366596,-0.5371075198661729,-1.2950084282123853,0.050630723017812455,-1.2861385975847912,0.04673470568958122
56.45,2.4640442515221155,-0.5408802263300522,-1.29423438794058,0.04930606150700307,-1.2846011196969531,0.0474699846130182
56.46,2.474911719022772,-0.5424550824597542,-1.2923469594100208,0.049944294785538704,-1.2842268222986377,0.04752338114122726
56.47,2.4901056705016567,-0.5450390442990832,-1.289250652793436,0.05083790518320961,-1.282158569589122,0.04566195611929555
56.480000000000004,2.5043996785125606,-0.5469871923476176,-1.286475556602069,0.05065900741444632,-1.2821939836620704,0.04700746313791515
56.49,2.5152645497358037,-0.5492770113114245,-1.284280717032679,0.050747092615779185,-1.2844611527953071,0.046642492635991656
56.5,2.5284074400336283,-0.5521157696297216,-1.2838181280975876,0.05214458907938978,-1.283973344109943,0.0468472450459657
56.51,2.5405785775819405,-0.5525918774176778,-1.2815694943489415,0.05161565893534063,-1.2810645084829917,0.04686949103417997
56.52,2.553854526649993,-0.5576697717696971,-1.2803600338244185,0.05211521035534204,-1.2802403540311402,0.046561181363344514
56.53,2.563753638224341,-0.5581177357439167,-1.2776253631528558,0.05105871842905748,-1.2795678085204873,0.04678554486866508
56.54,2.5753908193826875,-0.5613467259601609,-1.277424260591855,0.052484972065512475,-1.2786273868282247,0.04808414762663012
56.550000000000004,2.5846614527078433,-0.5632145941064282,-1.2749424238270197,0.05176324967458759,-1.27980187684647,0.0459380154091263
56.56,2.5965396721102367,-0.5656111395062943,-1.2738846519108789,0.05356151891246392,-1.2757567100307523,0.046838133651561566
56.57,2.605149292258261,-0.5667860318129723,-1.2734560770777419,0.05133271105514191,-1.2768584779551242,0.045698090734577805
56.58,2.616021146868702,-0.5703186141574133,-1.2701106454876894,0.05368229411134592,-1.277165763685796,0.046906325073950414
56.59,2.6250494531166555,-0.5715016711744747,-1.2694594713336986,0.05357249540574409,-1.2772961825712994,0.04665070810533863
56.6,2.6352638406912265,-0.5718188831343116,-1.2669743775293418,0.053001255350289087,-1.2760110412698895,0.04776422684373279
56.61,2.6429576188805717,-0.5750536520293204,-1.2648541302935834,0.05355047420868327,-1.2746414556389165,0.047494894585128955
56.620000000000005,2.652104117459201,-0.5771970336533275,-1.2645412353592704,0.05338508591368459,-1.2752285863233217,0.046037407364148304
56.63,2.660284215332945,-0.578695299865804,-1.2636618828070907,0.05332898016969006,-1.2740951489517276,0.04735378956681347
56.64,2.6686724778765067,-0.5796351119623739,-1.2616040940053397,0.05351987892795858,-1.2719933543482507,0.0465055530471651
56.65,2.674197262367046,-0.5797267268848227,-1.2608679024715688,0.05490543448460104,-1.2728052604288862,0.04907190026065474
56.660000000000004,2.6825832449227858,-0.5809177539780043,-1.2606235461890827,0.05442500970732749,-1.272055586165054,0.0477692422857436
56.67,2.6902437131814683,-0.5859691061628829,-1.2591996979908804,0.05362668907594763,-1.272568404873279,0.04680762279207248
56.68,2.6969137632680367,-0.5842190772686401,-1.2586060966765333,0.0529736743397983,-1.2705115550688872,0.04650172175004087
56.69,2.702120782134496,-0.5837189460269755,-1.257775960275357,0.054134576547001156,-1.271276752314712,0.04567625364046751
56.7,2.706589528006391,-0.5871342983047453,-1.2567441578664866,0.05460629415748034,-1.2719817847457275,0.047466949496759815
56.71,2.711754310893411,-0.5878436111874766,-1.25520607312367,0.05488369827288782,-1.27093808374561,0.04652193755678724
56.72,2.71870467329606,-0.5877142348247298,-1.255256237507172,0.05555254924588027,-1.2694898080544064,0.04559274737218702
56.730000000000004,2.7236920580819155,-0.5905945447180818,-1.2553021194985545,0.05548615806029493,-1.2697736114536111,0.04734637146736811
56.74,2.727489521564649,-0.5904502902223459,-1.2544384768364814,0.054952581289970645,-1.2704863104901436,0.048041771748557685
56.75,2.732459365743646,-0.5912682715059435,-1.2524387124826082,0.05490347516263074,-1.269557000089091,0.0473976788359613
56.76,2.7360458898711637,-0.59189913689104,-1.2512792293719546,0.0553952416681156,-1.269715152385229,0.047292054786097784
56.77,2.7402811950939294,-0.5930808728370343,-1.2525025843192314,0.05632621534119088,-1.267491068171928,0.04653233961842508
56.78,2.7447804441193164,-0.5923785695409719,-1.2517761711989792,0.05330633523957835,-1.267646931206762,0.04714390604714735
56.79,2.746869061817453,-0.5942314513667352,-1.2507771753226427,0.057835368740611015,-1.2692402520994601,0.04744436112493279
56.800000000000004,2.7514178412703196,-0.5937210838272093,-1.249052410173732,0.05493904782320964,-1.2687319871049179,0.045266469622169125
56.81,2.752940449763713,-0.5953391235103196,-1.2489532681425854,0.056930230312697935,-1.267815783524674,0.048103240799832504
56.82,2.755461383279792,-0.5947231267052109,-1.2492192449195407,0.05640683846930531,-1.2675863548929365,0.04751608448491526
56.83,2.7563678046685682,-0.5953205324790616,-1.2485627937346961,0.05606810109603345,-1.2678808028759745,0.04760143771701931
56.84,2.7608567850781194,-0.5970753988440619,-1.2481825375365672,0.05481566059362093,-1.2675307406841219,0.047400283294591346
56.85,2.760963789372169,-0.5969254889343861,-1.2488173626896095,0.05519912571969286,-1.2676169214262885,0.047418436999043724
56.86,2.7614244123640765,-0.5969894851774921,-1.2483473049229965,0.05519831110947065,-1.2688151269990668,0.047147452893218735
56.870000000000005,2.7640335875793043,-0.5964691939601239,-1.2494003032329102,0.0547457298980136,-1.268648480604669,0.04741528256156612
56.88,2.7667180544098064,-0.5973735357881047,-1.2486478081773833,0.05523577817312811,-1.268382174110934,0.04763480405035888
56.89,2.7663322926041327,-0.5992440073983879,-1.2470273701853696,0.05673280831566176,-1.2677702055221567,0.04729864520774249
56.9,2.766278271218888,-0.5999754043541154,-1.249020710843826,0.0556082781800994,-1.2678309833994872,0.04767181374937559
56.910000000000004,2.768138573264051,-0.5974547933398623,-1.2465378767949589,0.055379887055650376,-1.2683948693855573,0.045524260211062796
56.92,2.7701432886201776,-0.5992512717378033,-1.2485175633207495,0.055785921206897245,-1.2687824949407889,0.047309914662801274
56.93,2.76905614868857,-0.5977108253484883,-1.2464127490566679,0.056644332320267075,-1.2672769611478663,0.046449249519704534
56.94,2.768792055425936,-0.5990469188182648,-1.2453503524082339,0.05547080358185078,-1.2672956326836347,0.048524141201462596
56.95,2.7701705017771343,-0.5992855592133927,-1.246415700126171,0.0553192388792981,-1.2671687685513322,0.047646309280759754
56.96,2.7696871946965973,-0.5985024004392838,-1.2456309794284741,0.055149713627312906,-1.2662616688765074,0.0466843683318709
56.97,2.771795472166895,-0.5994316912960739,-1.2473553017456316,0.05701470018093557,-1.266050044011898,0.04791407341548266
56.980000000000004,2.769332881446516,-0.5986236476629266,-1.2470023728309836,0.054952713985262844,-1.26679327492469,0.04652216603641672
56.99,2.7691708481660307,-0.6001139149868719,-1.245506176562064,0.055254462855443394,-1.2678273477052515,0.046300565743892255
57.0,2.771493739522666,-0.5999044955551105,-1.2480508049584023,0.05541915200081233,-1.2674188205969723,0.047774767684497316
57.01,2.7697104319643184,-0.5973523145129408,-1.2475836273988041,0.054819847086846354,-1.2683632256264556,0.04652465248386219
57.02,2.769280254340178,-0.5980447119703111,-1.2478733991791058,0.05558408492651124,-1.2682984512917415,0.046175089364338714
57.03,2.771265635272057,-0.5973013144486693,-1.2458925875349047,0.05441601725597922,-1.2685629017778552,0.04892646143636761
57.04,2.770078052831986,-0.5998997352065217,-1.2460555700484903,0.0557588045426396,-1.266903020064911,0.045247072265683336
57.050000000000004,2.7700152714624213,-0.5978720128235807,-1.2475588213509237,0.05677774113343194,-1.2685490855767971,0.04710175518382638
57.06,2.7717354647907486,-0.5997043139495567,-1.2467630914783383,0.056210595867170456,-1.267320235097175,0.046981791942604635
57.07,2.7695352679481853,-0.5985284810365177,-1.247089584980677,0.05444659625061077,-1.2664402020336278,0.04640583098933907
57.08,2.7690692674770365,-0.5992198304840962,-1.247779044730675,0.05547464227457114,-1.2684842431544776,0.047590928797964754
57.09,2.7715051941576054,-0.5986076154248317,-1.248260376935444,0.05490306549348695,-1.2672068966882166,0.04548350910513611
57.1,2.769224194645026,-0.600137718312866,-1.2468992689683038,0.05758685737121017,-1.2685004194860348,0.04791238205919853
57.11,2.769807925040306,-0.5998520681345128,-1.2456350400952465,0.057584819762676036,-1.267040582146021,0.04751635021075479
57.120000000000005,2.7703543413456417,-0.5988293694152726,-1.2467032253249262,0.05629002462612507,-1.2659484614680305,0.0467438291473711
57.13,2.770411165736985,-0.5987771890675448,-1.2461063373135146,0.05779446557734642,-1.2664762282498925,0.047896599223662385
57.14,2.771092269879665,-0.5975939650479236,-1.2448929972682137,0.05422922391252946,-1.2668767547058974,0.04494746965073476
57.15,2.771130212548901,-0.5982191286696552,-1.2474771965540057,0.05336995869573479,-1.2674125618073642,0.0473944665511644
57.160000000000004,2.7702449280181827,-0.5992422982105592,-1.2477825956096265,0.05565480870185984,-1.268099769313416,0.04790624775164667
57.17,2.770231318905213,-0.6002050549482724,-1.2468458006260172,0.05606145023887212,-1.2659880392165963,0.048009954129587945
57.18,2.7695157442515077,-0.5974557316844014,-1.2482095412503018,0.05572458029237873,-1.2667419514442453,0.048472951928427176
57.19,2.7719483770993953,-0.5975875936335568,-1.2471192187359512,0.05620585915498105,-1.2672041705594963,0.04658090127245794
57.2,2.7701990979496056,-0.5971311056753054,-1.2464361176374912,0.057497137245569735,-1.268344658216066,0.04686702822412942
57.21,2.770662381400027,-0.5980521705562113,-1.2471019133404895,0.056398568777885315,-1.2667080135467044,0.04598880877683731
57.22,2.7709575018102495,-0.5977634001429398,-1.24674155595244,0.054094330854735126,-1.2676415852381444,0.047582174950783394
57.230000000000004,2.769544530192895,-0.5978986252225656,-1.2463633124103144,0.055817361765584224,-1.267384780611135,0.04736832511572629
57.24,2.7702964574155855,-0.5998217994515993,-1.247375339089313,0.05576324686403184,-1.266162035492397,0.04780392227262581
57.25,2.7715848398117036,-0.5999260546123522,-1.2473108232984589,0.05750978262289986,-1.2680483620648406,0.04653421997972675
57.26,2.7700628493143586,-0.5969388652700526,-1.2475860154019214,0.05618649698472126,-1.2670578857521382,0.04551707602293769
57.27,2.7702863189764257,-0.5991825182567952,-1.2464083578065805,0.05721762507943269,-1.2677006751458162,0.04689928789730354
57.28,2.7724972196364024,-0.5993209371084491,-1.2481719900329027,0.05690215827535372,-1.2674441860984793,0.047447242852282745
57.29,2.7722473564312726,-0.5999243301942045,-1.247170573181114,0.05462115191258507,-1.2671074972531315,0.04671741326651703
57.300000000000004,2.769276418858525,-0.5980609673683288,-1.2469909861455153,0.05460774519594406,-1.2684387876794971,0.047381346863679806
57.31,2.7688419747791984,-0.598501482526021,-1.2458310161218784,0.05628211992278415,-1.267943953763497,0.04743940705050093
57.32,2.769207793732954,-0.5985810699014886,-1.247285230017911,0.05479299479106516,-1.2668557044969733,0.04547432845162105
57.33,2.7692651831398405,-0.5996298949811335,-1.24744052769748,0.05683388584567276,-1.2667417840929276,0.04729190211195832
57.34,2.770350757736264,-0.598710259863547,-1.245802856893111,0.05411551287893718,-1.2667266885930826,0.04675651692916767
57.35,2.7707389418579966,-0.5982568818791721,-1.2463601230769432,0.057081993151649,-1.2685964541304247,0.04807741602449021
57.36,2.7702442761135537,-0.5991021726939515,-1.2452252077392776,0.05631253310925846,-1.267764079662418,0.04803541260332073
57.370000000000005,2.7702598063981125,-0.5990777632962409,-1.2475289107810106,0.05596578150989354,-1.2679357043665924,0.04733563729536829
57.38,2.7710740673789522,-0.598603560856742,-1.2452751774424318,0.05571152461102155,-1.2662227417509442,0.04805197847536308
57.39,2.7716310764380694,-0.596979014531642,-1.2485370564960587,0.055931399500774866,-1.2674976238219893,0.047297243692217106
57.4,2.7699532031246017,-0.5991742553364927,-1.2479595713780718,0.05578498294384379,-1.2665849177682347,0.04676916949163164
57.410000000000004,2.7700133231130195,-0.5993091833754376,-1.2478677345878517,0.055493925713332046,-1.2671004871112583,0.04829724149357573
57.42,2.7692596937422067,-0.5987265155929172,-1.2459718818310106,0.054671269825068244,-1.2662943195640335,0.046816940506753855
57.43,2.770920759907518,-0.5988902989752826,-1.2465996663795016,0.057104152399499244,-1.2675059537969717,0.048069610356729256
57.44,2.770539666117707,-0.5993859316059604,-1.2471270488093036,0.055518394630800966,-1.268632035808073,0.04760058645738669
57.45,2.7708741882648336,-0.5979910552637737,-1.2457522729742636,0.05653245697476895,-1.267926239920196,0.04685948562333297
57.46,2.771031954430311,-0.5983599156390911,-1.247015556019579,0.05493666219187653,-1.267863138346199,0.047708597156431304
57.47,2.7685975645539775,-0.6007420085683457,-1.2463949140785426,0.05523445057725147,-1.2669911240861953,0.04857590611060606
57.480000000000004,2.769415933314669,-0.6001569949094203,-1.247241202451617,0.055102399170092985,-1.2674221299083868,0.047669521998161275
57.49,2.77058509453723,-0.5986596376546822,-1.2460765823326627,0.056285295825634594,-1.2675583008428843,0.047754359006634814
57.5,2.768951197043375,-0.5977717042477789,-1.246980635552928,0.05465220947563513,-1.2677635855896323,0.04810542479889731
57.51,2.769630090892232,-0.5983416856749,-1.2462331224250907,0.05572132622278581,-1.2681544998482837,0.04714423399367631
57.52,2.7690700730298077,-0.5991264324294598,-1.2479662398086362,0.055659063801471106,-1.2685076843066598,0.047272796913039476
57.53,2.771288615677018,-0.5976565855626219,-1.2480868539880763,0.055118720396116094,-1.2666558219151844,0.047814393952547087
57.54,2.7697631355907513,-0.5991245247946723,-1.2469282104581114,0.05410015044203952,-1.2669415625965563,0.04814515810739326
57.550000000000004,2.7699604359702534,-0.5999385022290002,-1.2457672620610067,0.055891488114094716,-1.2667813160178376,0.04604709430327666
57.56,2.7691502805316985,-0.5983386110712168,-1.2461032804534045,0.05471455372733286,-1.267488839198382,0.045814886763549285
57.57,2.769687772686816,-0.5989242956935042,-1.2465734369586388,0.053862364072756734,-1.2662477349148429,0.04705116785712051
57.58,2.7714295661112467,-0.5980902715255565,-1.2462562276591092,0.05746304109686425,-1.2680820874084358,0.04731819666908317
57.59,2.7694354440198037,-0.5987891944182997,-1.2463715988752404,0.056683786499900385,-1.2677335844534814,0.04614862555946009
57.6,2.7703639715683708,-0.5994436568369439,-1.2475042957918028,0.056286197365692785,-1.2669762081811593,0.04792797885980392
57.61,2.7700057211978844,-0.5978195043063446,-1.2469874783608952,0.055452027604437154,-1.2683588861495692,0.04537618741239222
57.620000000000005,2.768935215603006,-0.5985119737214029,-1.247791960524203,0.05426423680678702,-1.2677659740296903,0.04744415414104243
57.63,2.7706622164128634,-0.598725193977385,-1.247053111434597,0.05523014905192681,-1.2668468128575736,0.0470457001720431
57.64,2.77023338749089,-0.5977943091579903,-1.2463089367991464,0.05553867464039293,-1.2676854106895894,0.04690779863912196
57.65,2.7685361122531416,-0.5977427773354039,-1.2475976071036567,0.05644579453889492,-1.2673637073654462,0.048414458607684625
57.660000000000004,2.7707620628001917,-0.5979040224213247,-1.24751668532366,0.05457826882079766,-1.2672712592739108,0.045526940489777776
57.67,2.7698916340273483,-0.5997379759445642,-1.2477327408738743,0.056219840078660106,-1.2669375170163246,0.04705866318157966
57.68,2.7705792601431427,-0.5991718403578757,-1.2448823385662748,0.055962530224450954,-1.2679151532181137,0.04796390148923015
57.69,2.771382266537112,-0.5993756334576127,-1.2482379273352304,0.05463495306708262,-1.267984646952011,0.047152641658837945
57.7,2.7688783158104098,-0.5990649892844538,-1.2471814596459962,0.05598349375975761,-1.2668661192494362,0.04755041279340773
57.71,2.7718639662334,-0.5977451972309303,-1.2468063015811395,0.05485308976697055,-1.2679894827280493,0.04595325412861209
57.72,2.7704338185870623,-0.5984108319575261,-1.246220786581374,0.05593327921982972,-1.2664802212651534,0.04813767729290947
57.730000000000004,2.7694028169633165,-0.5991520955395139,-1.247009632874685,0.05508383360320491,-1.267612339643526,0.04746289770537632
57.74,2.770192595645765,-0.5986997300715932,-1.2478226075829073,0.05614195410931314,-1.2670219078473939,0.046534592907231616
57.75,2.769171446185441,-0.5976264089408182,-1.2454744291837858,0.05590482277691888,-1.2677156296519603,0.04811304981065735
57.76,2.7707104578388764,-0.5988838766472012,-1.2461551956066024,0.05499346177445596,-1.2680028411305275,0.0475173285710161
57.77,2.7703996944398854,-0.5981438691401897,-1.2459586223178771,0.05434523258686239,-1.2673660081604008,0.048859005626237406
57.78,2.7697794086969783,-0.5993237350782059,-1.248955630363875,0.05578879222822405,-1.2668933235170579,0.04770488380486055
57.79,2.769395002055828,-0.5987076041197508,-1.2468066645281048,0.055745472527183995,-1.268355397159574,0.04726746354246127
57.800000000000004,2.769589158159213,-0.6003335474536249,-1.2464054479517497,0.05582220434407564,-1.2668834739443222,0.04673360035575356
57.81,2.7708467610240133,-0.5978080249042724,-1.245469355925809,0.05641022262622055,-1.2670642076863228,0.04599582423679041
57.82,2.7702070392006672,-0.5999415063126186,-1.2477146040045999,0.05740611024227996,-1.2682927651564788,0.04515570230099548
57.83,2.7710096213729325,-0.5992873618214763,-1.246329787027119,0.05467886891643332,-1.267771679848291,0.048243603462403306
57.84,2.769146319706082,-0.5988477124347401,-1.246745788969707,0.055072348972449524,-1.267188841159057,0.04721365518921024
57.85,2.7707664765969406,-0.5970923813816532,-1.2446654380255182,0.056104330929214116,-1.2674963371115444,0.04758477425970686
57.86,2.770097330408222,-0.6000852525043844,-1.2470406578578774,0.05664432527818591,-1.2686782330066197,0.046340783237673544
57.870000000000005,2.7697921512113957,-0.5983750686875112,-1.2449256768236534,0.05499373841568643,-1.2673203997528582,0.047205042836754633
57.88,2.7700371133592046,-0.5987416284705631,-1.2474055597529459,0.058093699480471876,-1.2667457849681123,0.04680193914706718
57.89,2.7713328700795268,-0.5984759939212838,-1.2469494313316194,0.05554116149687826,-1.2676181955381576,0.046135374741713045
57.9,2.768839454423729,-0.5983764684859456,-1.247167623397157,0.05646570364969912,-1.2681765861817833,0.04624186350653024
57.910000000000004,2.770977343982365,-0.5989577314114588,-1.2462532313787993,0.05572920056296067,-1.2657615521877654,0.047859508644367346
57.92,2.770657572372744,-0.5980019325675131,-1.2472381483751347,0.05426628675885071,-1.2670850308273334,0.04889435623178721
57.93,2.7683012119926613,-0.5982905937900791,-1.2483397056350918,0.055679662939809714,-1.267330658587571,0.047851752809407073
57.94,2.7704834017685744,-0.5975013788567386,-1.2459821236621953,0.05552836945778746,-1.2664449620451712,0.04692704727244848
57.95,2.769876881951788,-0.5997510227408038,-1.245855095486333,0.05543817860998711,-1.269513161084259,0.04767304184901018
57.96,2.769921248874581,-0.5989605897987981,-1.2472042179274498,0.05540630257393326,-1.2650195734519674,0.04865098446503645
57.97,2.7709101427468803,-0.5984894043309881,-1.2460149700086454,0.05591263346457109,-1.2666880222710628,0.04768714050423014
57.980000000000004,2.770412002105178,-0.5978794226040893,-1.247366671427052,0.05575101013109484,-1.268254720322567,0.046446041995745216
57.99,2.768092899645334,-0.5983015695008074,-1.2463616284437404,0.056647207301815314,-1.2683620486644958,0.04758389295559543
58.0,2.7702993796451083,-0.5980563386203238,-1.2475684715562259,0.05540652741154313,-1.2687556843752812,0.046574369149744985
58.01,2.7702998035853876,-0.5985474878087816,-1.2484716463994527,0.055253618530944903,-1.267260272088787,0.04842874446588192
58.02,2.7695395606086772,-0.5982679017578703,-1.2474935204850788,0.055310538491067235,-1.26816720544411,0.04628860010439129
58.03,2.769808535445254,-0.5977705767301275,-1.2476704333187447,0.0549037305497158,-1.267222124211179,0.047204410923725584
58.04,2.7700590030748637,-0.5984433942553221,-1.2479083058734524,0.05491202816688502,-1.2665502084570088,0.04707232561315761
58.050000000000004,2.7704688031263256,-0.5975640598685954,-1.2463148328436233,0.05449778915999481,-1.2675227423192155,0.04810766492736694
58.06,2.7701530905809335,-0.5984232796753121,-1.2485214629421657,0.05515024684938168,-1.267375645791173,0.045954584783739066
58.07,2.7700422130680633,-0.59861951763761,-1.2488704761383793,0.05518704026904027,-1.2677068249940877,0.047084956278430824
58.08,2.7701311167948304,-0.5979239607387695,-1.2484032637537241,0.05437275803988971,-1.2677172115594149,0.04730760994476372
58.09,2.769177077036393,-0.5968071614514583,-1.2457420451235997,0.055275263197818274,-1.2667036538731944,0.04756785754862606
58.1,2.7666408761789896,-0.5998258795347053,-1.2472813228443,0.05434252421316202,-1.2683052918570858,0.04659750652454211
58.11,2.7669155131993626,-0.5968935557224233,-1.2475265021161577,0.05516014357291328,-1.2694193623172618,0.04759358243889507
58.120000000000005,2.765719231755402,-0.5982922846987716,-1.24667494132482,0.054571180437347884,-1.2682737058541025,0.046977897795543136
58.13,2.7639994089525857,-0.5970999283536489,-1.2474687953182355,0.05650405628153249,-1.2673098546587147,0.04708887861303781
58.14,2.7628037987676644,-0.5969154929311717,-1.24824867027656,0.05560107653128286,-1.2673867162053492,0.047307977072401405
58.15,2.761783713555277,-0.5976974355201516,-1.2471432298431249,0.054563239480663404,-1.2675432765604195,0.046760238831570135
58.160000000000004,2.7606662754594105,-0.5958906131617084,-1.2485924179702996,0.056850850125298356,-1.2681975257079983,0.04795041522747815
58.17,2.7570785884186995,-0.5959212514137893,-1.2497065044648796,0.05547198061882551,-1.2681992848663346,0.04794407076575499
58.18,2.75489128552866,-0.5931618836352524,-1.2504350579356691,0.055614758285991536,-1.2680372684845136,0.04764294211344083
58.19,2.7525556943751384,-0.595156768214614,-1.2500931177528427,0.05699799525451475,-1.2689907541708305,0.04703975412667431
58.2,2.7497112761731946,-0.5955429388030785,-1.2512315186954506,0.055897008823344516,-1.2691864006494495,0.04646840326894157
58.21,2.746481879416057,-0.5940071378651909,-1.2504361784054223,0.0552756693411871,-1.2694415347702288,0.04753852806876644
58.22,2.743516372244487,-0.593589554872504,-1.251062424207365,0.053716442193542255,-1.26720014028426,0.04765451286297641
58.230000000000004,2.740755896077684,-0.5926822607391019,-1.2496751356746703,0.05611398367018303,-1.2688757456625976,0.04652851934148934
58.24,2.736347703326564,-0.5938244058525839,-1.252354480094734,0.05562605302044136,-1.2688531322523882,0.047677549438254814
58.25,2.7323265295273718,-0.5909891921176472,-1.2519231282451184,0.053026239050840265,-1.2693832609609508,0.0489486399523061
58.26,2.7281824455477377,-0.5928346577334114,-1.2540040606018215,0.053301673274243254,-1.2704625818916464,0.046056584690002206
58.27,2.7246162155420697,-0.5890619217718014,-1.2536922091606217,0.055865069519676486,-1.2706800504578661,0.047180644720261816
58.28,2.720787097382921,-0.5882803131714104,-1.2542245179637228,0.054029178651752933,-1.2708457708335492,0.046232354018203525
58.29,2.7151032744313377,-0.5891420656816411,-1.254722649502018,0.05510420048975128,-1.2721952330604367,0.04809513013655909
58.300000000000004,2.7078663235789455,-0.5878667032784214,-1.2560360032109337,0.05377140731771073,-1.2713071637647855,0.04664687992922085
58.31,2.701467667289045,-0.5866225386155005,-1.256539444980209,0.054658659955717184,-1.2712518964036048,0.046759858148335436
58.32,2.696105520949361,-0.5850381890418567,-1.2588205790399531,0.05574744232687334,-1.2710774914162488,0.046576653650773944
58.33,2.6882605915540454,-0.5846289997525836,-1.259693188436257,0.05422255494833191,-1.2721353420839403,0.04718437772005926
58.34,2.6830397445639544,-0.5827369660906283,-1.2588492367105224,0.05382360161682108,-1.2723899735432533,0.04647004829474647
58.35,2.6758752387858324,-0.5786417162518147,-1.262102684548221,0.0528832473808402,-1.2738299250143692,0.04673912512242516
58.36,2.667674711914184,-0.5799223615198833,-1.2624064688361987,0.055073668394143474,-1.2736541400208548,0.0469322702283867
58.370000000000005,2.660624100765112,-0.5769452019677452,-1.2623383682450102,0.05376887399098838,-1.2739934893563534,0.04613713060074467
58.38,2.652832632072236,-0.5766793893598673,-1.2655244366829714,0.05356953971440686,-1.2731336696869302,0.04762173777942009
58.39,2.6436816612067715,-0.575166562888491,-1.2647061140328026,0.05318671132517976,-1.2752399400937453,0.047457036389047254
58.4,2.6345152099818696,-0.5732699517932809,-1.2679323026115532,0.05248888851400658,-1.2764984053636068,0.04587557209759752
58.410000000000004,2.6266096690576335,-0.5702671732100156,-1.269451990190896,0.053661919292155094,-1.2757927431042688,0.04665774215586672
58.42,2.615209746085841,-0.5687259361021878,-1.2685318895588857,0.052714797934885455,-1.2757594631887381,0.046738510408631376
58.43,2.6072646425964936,-0.567263044257868,-1.2737352925053722,0.051881122323620514,-1.2771040354396406,0.0478503946585894
58.44,2.5961696440216353,-0.5651490070439338,-1.2736759619434588,0.053675428397835796,-1.2765185738063278,0.04629724362680168
58.45,2.584486761214122,-0.5647302518852213,-1.274214788452484,0.05222701543789395,-1.2791393277349072,0.047105750912414764
58.46,2.573906638003283,-0.5603728312626203,-1.2767034413224063,0.0509544665860628,-1.279426428123022,0.04649871289186344
58.47,2.564133784982721,-0.5578977605971038,-1.2770764184871533,0.05182020062113212,-1.2799386621874649,0.04633277064371852
58.480000000000004,2.5507731663043405,-0.55671643811976,-1.280520435401514,0.05252027267363201,-1.2806396514732303,0.047460300586649455
58.49,2.5400632738031095,-0.5550094513971914,-1.2810291179450584,0.051469055699048936,-1.280892423600011,0.04670524902472146
58.5,2.5290107478058212,-0.5515138920253628,-1.2852853761219991,0.05076536863876965,-1.281017010682669,0.04587552225319442
58.51,2.514353807197622,-0.549790919983228,-1.2848095859860111,0.050345059975700705,-1.281522867428624,0.04835165504923476
58.52,2.5013331988474032,-0.5475352697630642,-1.2891826448894665,0.051074258879714306,-1.2840126599194819,0.04630454319560109
58.53,2.4908736878796263,-0.5458273887040258,-1.290545828382918,0.048254158502311684,-1.2830982338436072,0.04760216750248327
58.54,2.4761529955128925,-0.5431871349411557,-1.29046381554863,0.05238350259855869,-1.2852194957597582,0.045622230908350464
58.550000000000004,2.46371282405417,-0.5404074349822939,-1.2935837891407083,0.047408662177158896,-1.2861043688946565,0.0455316874251341
58.56,2.4496329929984895,-0.5375552675362146,-1.2947026967336803,0.049345447802818236,-1.2865750585645377,0.0470776030160928
58.57,2.434082006241038,-0.5344930817575557,-1.298258005632483,0.049600792502080056,-1.2892074263237956,0.04806047073204064
58.58,2.4195306648573633,-0.5313873480573538,-1.2995295427959537,0.04835162080825931,-1.2885850222887205,0.04558194639408397
58.59,2.40472672051597,-0.528268109745958,-1.3018561073766333,0.04987224506335028,-1.290031422016361,0.04643010876098934
58.6,2.387643060055919,-0.524768774353884,-1.3043378782281314,0.0482949975816723,-1.290384831504301,0.04601049817687885
58.61,2.3756526629372727,-0.5222077945928815,-1.3064110616970253,0.04698169377539404,-1.290410648352072,0.04637927384664009
58.620000000000005,2.3579639310420246,-0.51839023809266,-1.3091512849296405,0.0470757612005535,-1.294167297161026,0.04612057225615966
58.63,2.3407948002481995,-0.5170567923822171,-1.3102261917283686,0.04820915241230373,-1.2947027938963318,0.04656350939978052
58.64,2.324212636773666,-0.5125668847556226,-1.3146678037021222,0.046560691676519925,-1.2932523185036224,0.047114799569579334
58.65,2.309503928753965,-0.5098511448471461,-1.317757316725566,0.047509217845537646,-1.2942869249786022,0.046917983608122237
58.660000000000004,2.290529245510315,-0.5073190774244791,-1.3185768075991005,0.045600865234359564,-1.2963840856963942,0.04887556356277987
58.67,2.2757642054448404,-0.5023649802519037,-1.322219607429531,0.045407644203634266,-1.2965258471498908,0.04761449293940613
58.68,2.255930156740327,-0.500077809067297,-1.3242010325783293,0.04448468454357515,-1.299386523807344,0.04525036716076894
58.69,2.2390716903251566,-0.49601574652337,-1.3259591627024523,0.04383469095921838,-1.3005905628706593,0.04664237021844362
58.7,2.2198070794154057,-0.49347734875616633,-1.3287782429286905,0.044517255755191644,-1.3007276362152806,0.04599404345715759
58.71,2.2021363741224804,-0.48866249394427985,-1.3334646426809118,0.044480086713663054,-1.3004276332056446,0.04804064606973787
58.72,2.1826185678358305,-0.4854069961140318,-1.335356306601715,0.0441979584361968,-1.3032397525854535,0.04680579511300935
58.730000000000004,2.1656918366670403,-0.47988628775423364,-1.3391589624814437,0.042394354532568256,-1.301879896034727,0.046067302806088
58.74,2.1457335933454713,-0.47827342262570277,-1.3420720351880127,0.04387894371362525,-1.304878454392336,0.047015597415259264
58.75,2.1277227873238456,-0.47392593791347376,-1.3435689073202157,0.0445781141432531,-1.3054536978151405,0.045578892848644983
58.76,2.1069059562671684,-0.4716236266984953,-1.3461331301575261,0.04163911573164067,-1.306981691698131,0.04528251952158829
58.77,2.086957563637031,-0.4681995014261487,-1.3496090928350108,0.04308694874680379,-1.308879268767382,0.044162561693701294
58.78,2.071051831346093,-0.46246564874447216,-1.3517448247412824,0.04345656127146714,-1.309392594655306,0.0458208941337503
58.79,2.049546836348785,-0.4584227569333681,-1.3550191949245054,0.04241806172667783,-1.3117490330947912,0.04567820187828021
58.800000000000004,2.029739114890034,-0.45502310122437467,-1.359856013877286,0.040793005430375055,-1.3105286055703504,0.04626400390430015
58.81,2.0081312567924825,-0.4516326312909748,-1.3617025010944284,0.04040425887225679,-1.31381621772416,0.046711989632920926
58.82,1.987739565227,-0.4472622291727039,-1.3642260629327707,0.04169322656500988,-1.3139170754032494,0.04651232476941394
58.83,1.9670853213234114,-0.4447382819328579,-1.3679965424091376,0.040577862082641476,-1.3149566462522735,0.04702285096358678
58.84,1.9458003468304956,-0.43971861056164085,-1.3710306381592894,0.04107689466329588,-1.3164623881522481,0.04606455165131316
58.85,1.9252962894203978,-0.4360902599583215,-1.3753209558885469,0.03815250231700488,-1.3178858949188554,0.045729079478366366
58.86,1.904485528621742,-0.43102558882342,-1.3771337982313951,0.038540342288239576,-1.3194839725206704,0.045856938194774176
58.870000000000005,1.882869842478257,-0.42684832146962176,-1.3804009822644578,0.03865276887279338,-1.321279301048399,0.04653541669819792
58.88,1.8632220327490416,-0.4248752396670486,-1.3832343883215914,0.037925652111528846,-1.3215915363233197,0.04596250973494015
58.89,1.8386771009994705,-0.41891140632206886,-1.3858221549756,0.03867331852786291,-1.323942648453565,0.04550261498233754
58.9,1.8187230902281635,-0.4171157117165406,-1.3905574243150123,0.0362412099882887,-1.3241109955154111,0.04406742599882267
58.910000000000004,1.7968177017909914,-0.4117511031455184,-1.3925798589332556,0.039192447872457785,-1.325428244566078,0.044551779434469224
58.92,1.7754807778461599,-0.40656188471683125,-1.397674374532015,0.037305036094098756,-1.326748650988561,0.045304513095132115
58.93,1.7529342730887083,-0.4021578981514847,-1.4004226972950584,0.03606031954866475,-1.3284230754836035,0.043992599718728556
58.94,1.7324734536958146,-0.3998304336814636,-1.4035945204617846,0.03588091044962439,-1.328975256096969,0.04531976022355149
58.95,1.7101211261590417,-0.39514231189594573,-1.4068810014098319,0.03321431995213686,-1.3308298180373725,0.0438426222150044
58.96,1.6891330341818813,-0.39164559017592737,-1.4106354588158259,0.03523790808282037,-1.3321804104697643,0.043612496832191996
58.97,1.6667179206741238,-0.38593130832579503,-1.4134104254806024,0.03392946349732706,-1.3332990576527985,0.04525706507271083
58.980000000000004,1.644452406435771,-0.3819232858489808,-1.4164118876485061,0.03530747465289957,-1.334913782113779,0.045296514883185514
58.99,1.6236402453169196,-0.3780034824049926,-1.4200831583850193,0.033777757067006135,-1.3357282903631247,0.046956763235180846
59.0,1.602147879657952,-0.37283740381453806,-1.4221236577070209,0.03234758004449912,-1.3385477892659854,0.0442242002040589
59.01,1.5801868299003659,-0.36803717828592475,-1.425404554564249,0.032377787619834585,-1.3373001753906943,0.044673466097434854
59.02,1.5566797338467853,-0.3648364746287681,-1.428211506744323,0.03136074794948008,-1.341563887819043,0.045054174336133776
59.03,1.5364676420423682,-0.3634271706633146,-1.4317770928076379,0.030478324596660993,-1.3407554156577963,0.04323949551066478
59.04,1.5126464080630633,-0.35608807367645,-1.4348562376943241,0.031237591842603402,-1.3406078163351967,0.04405028464904971
59.050000000000004,1.491203959326575,-0.352686394658943,-1.4395043869367614,0.031068124387328824,-1.3446545138946087,0.04539869926177653
59.06,1.4707996235415537,-0.3468177977132595,-1.4429024665857646,0.03069082347310157,-1.3447830349726941,0.04485800751654449
59.07,1.448410672577348,-0.3458398832601679,-1.445669170930485,0.030493472741588673,-1.3466645266584156,0.04414261026050187
59.08,1.4254612041693915,-0.3394684836423753,-1.4489713243399098,0.030764993306590802,-1.349177591603565,0.04437591974172548
59.09,1.4041744231088187,-0.334807455166839,-1.451166786077635,0.030809388733865954,-1.3487522307334074,0.04543630130173227
59.1,1.384187171869024,-0.33105552636542407,-1.4554412691882255,0.02925275644343507,-1.3486295789521632,0.04489970089699319
59.11,1.3623934820000916,-0.32725296364348927,-1.458837202073084,0.02851056931318833,-1.3519413856866842,0.04566866947552244
59.120000000000005,1.3419448158973575,-0.32142419581023435,-1.4619363124751086,0.028132061161630716,-1.3528450709703113,0.04480619412832666
59.13,1.320784648628042,-0.3206408862525991,-1.4647068119187883,0.02920848518557252,-1.3531438932113276,0.04568344295701388
59.14,1.2994102480226395,-0.31567281143950826,-1.4689394583652822,0.02640815561959763,-1.3565927555129818,0.045381982470829765
59.15,1.2789539802625158,-0.31072704078874597,-1.4707409392767936,0.026902991101192424,-1.3563616976176835,0.042670700096396966
59.160000000000004,1.2570729043003224,-0.30745552234697215,-1.4746171171114177,0.026437602312002317,-1.358733578008798,0.043542022727523465
59.17,1.2354096961855092,-0.3043524290991336,-1.4787084537238195,0.02494866187656606,-1.3606043192911073,0.044904853451832885
59.18,1.2146819007049958,-0.30074667734490174,-1.4811470202693902,0.024464640486304094,-1.3593128843404092,0.04452239988207483
59.19,1.1937442358178063,-0.2946861162534194,-1.4837962646814014,0.024830027148912612,-1.360437111180733,0.04351838232266437
59.2,1.1756510794331625,-0.29163235119018904,-1.4869358590361716,0.023989173193454276,-1.3636253691084212,0.04395273173690133
59.21,1.1529775848255994,-0.2870974727831793,-1.4898436894969505,0.02294506715848352,-1.3636560819560855,0.045568641288204294
59.22,1.1341209421708076,-0.28424373065792297,-1.491969972281846,0.024215934096103665,-1.3655454132793865,0.0449721347163135
59.230000000000004,1.1151880884871606,-0.27850655372896443,-1.495926290183406,0.023851737806161805,-1.365652357623965,0.0420896727989765
59.24,1.096377680361763,-0.2764249995980233,-1.4984167321708928,0.02455105159097179,-1.3680499000394013,0.04379314630195359
59.25,1.0759773253923508,-0.27352082919434817,-1.499845459331653,0.022684839413875488,-1.3675073779243019,0.04386509319002209
59.26,1.0568974507637297,-0.26773827984677306,-1.5056070668869403,0.022259564253143186,-1.3693002530613858,0.043935544146556364
59.27,1.0375013887520934,-0.2639388678790198,-1.5062711927728156,0.02334177949209363,-1.371816053636658,0.04358186431781264
59.28,1.018786010394319,-0.260677118944385,-1.5113540001939003,0.020620696250074403,-1.3729726650780718,0.04323501506397629
59.29,1.0014700752942503,-0.2570268443047359,-1.5135116315254808,0.021086570491532824,-1.375674341209917,0.04362134992288482
59.300000000000004,0.9835174852241716,-0.2546669336697579,-1.516791359810195,0.02210118951218216,-1.3755253380017687,0.0453369034336082
59.31,0.9669250143893751,-0.25084234300312996,-1.5174632599308748,0.01909290034653244,-1.3771280166486786,0.043260045948562295
59.32,0.947341053995761,-0.24731930284484446,-1.5213850909213509,0.019076747191919447,-1.3768100290748229,0.04336171631955855
59.33,0.9282886233089512,-0.24482235596226412,-1.5236908309461163,0.019233404472547653,-1.3777551952400477,0.042348121949168385
59.34,0.912260780572704,-0.24040531182716668,-1.5266573831068384,0.019666770540112257,-1.3779694560659874,0.04259651970109844
59.35,0.8948715442988519,-0.23847721433380226,-1.5289365352458544,0.01896886983438256,-1.3798257782024999,0.044570665816593615
59.36,0.8787884680794389,-0.23316469457824904,-1.5318759247810136,0.019482576995173896,-1.3803651457787303,0.043476269139991086
59.370000000000005,0.8617119660943571,-0.23105606404595036,-1.5327884836663646,0.01925552029465223,-1.3820871399924737,0.04341681271022291
59.38,0.8462607915481263,-0.22665298317839505,-1.5361640354826596,0.018808162720599996,-1.3816268396321278,0.04358901990516098
59.39,0.8295983742244184,-0.22433410455846883,-1.5392045502250284,0.01940667050058618,-1.3840991796693753,0.043766464611971534
59.4,0.815588161625453,-0.22337593778636844,-1.5409889206828984,0.017043687382346306,-1.3846523442435865,0.04263260719530694
59.410000000000004,0.7982769511476713,-0.2187787337183073,-1.543272321600721,0.018103635991801172,-1.3875983147470208,0.04354757717361144
59.42,0.7834319238257137,-0.2159631779592856,-1.5457100886396282,0.016305341876303687,-1.3878203632987112,0.043819899883914416
59.43,0.7680036986878334,-0.2127207760950151,-1.54876848359846,0.017347890204793343,-1.3873996752195992,0.043617057242734666
59.44,0.7542505694667231,-0.21065148147878945,-1.5503201073071304,0.017494160283620837,-1.3895545331435346,0.04301251519227078
59.45,0.7412928675416579,-0.20686546031514574,-1.5510637433076242,0.016136930454507283,-1.3902107130467967,0.04258602219631905
59.46,0.7263298641156818,-0.20426189357635557,-1.5545305461760728,0.01563095860170656,-1.389539789350845,0.04355222895818836
59.47,0.712743725686337,-0.20320584083752977,-1.5555062266512019,0.016572758640664882,-1.3916160276427862,0.04315250623108513
59.480000000000004,0.7005688976536278,-0.20079262597529904,-1.5579899599511253,0.015117662357881938,-1.3925424471898482,0.04503126190018647
59.49,0.6868713411907408,-0.1968726455182997,-1.5612143929929156,0.016507766240825863,-1.3905494089037365,0.042146310186217194
59.5,0.674534518972308,-0.19376463567292074,-1.5625230420122251,0.015267141623360509,-1.394463839080367,0.04274684197925422
59.51,0.6627818551250172,-0.1930944207762887,-1.5642577293695377,0.013350637662574914,-1.393155616955413,0.04224391057359351
59.52,0.6520284538742909,-0.19089608986882028,-1.5650234669143717,0.015055717378192512,-1.395295153438435,0.04288921201839545
59.53,0.6387855981812499,-0.18842475107408896,-1.5685837454413973,0.01468499295759609,-1.3957257382763029,0.04327135857312941
59.54,0.628897910093971,-0.18543448027214746,-1.569672378626543,0.014910167075733224,-1.3952130596052787,0.04273496800830886
59.550000000000004,0.6167413294984505,-0.18297372139594753,-1.5700791151351976,0.012479751536872715,-1.3973204618199282,0.043938308525360924
59.56,0.6056715671295175,-0.18112253337457832,-1.5706472337206394,0.013912493583443738,-1.3978772868167901,0.043466652179898875
59.57,0.5974426803273477,-0.1797817244497385,-1.5734415250377751,0.01269142545134789,-1.3983120665913462,0.044085057239163956
59.58,0.5860991233356893,-0.1802329830629825,-1.5756075844254591,0.013472105901187338,-1.397345322927046,0.04471294106060476
59.59,0.5773125016177535,-0.1755744008893948,-1.5766607700466475,0.01332234251297314,-1.3990003962614543,0.04359692839228461
59.6,0.5674568141685146,-0.17265921742485602,-1.5802278596803716,0.013333552571391412,-1.3991065494580015,0.043567268471282915
59.61,0.5582533822124487,-0.17415449405911704,-1.5789369530815,0.013834157591385215,-1.3997211263960816,0.043930168600180244
59.620000000000005,0.5504132993954282,-0.17076823757225168,-1.579669990400576,0.012225379896005521,-1.3993863616891686,0.041785782141336776
59.63,0.5421402272696392,-0.16901320220335672,-1.580302748710785,0.012353057977533334,-1.4018110920767173,0.04483827230348276
59.64,0.5347602004724108,-0.1674056572889952,-1.583428710392495,0.01231284315253348,-1.4018671412945587,0.04515373650131394
59.65,0.528436132735858,-0.16500280483960492,-1.5849487359586236,0.010450579643840791,-1.40208017524744,0.045366178840002956
59.660000000000004,0.5199710319148767,-0.1642513171490098,-1.5862293470601538,0.011180701212987388,-1.4023223595255194,0.044998361158063084
59.67,0.5143938938391799,-0.16564722185785144,-1.585778401847152,0.01076897456082824,-1.4032561368453014,0.04359045517494384
59.68,0.5081596090908677,-0.16142668265089538,-1.5870474544486353,0.011946631048994497,-1.4018758080930742,0.041758465171990784
59.69,0.5023598231824926,-0.16205680392537372,-1.5880377573608127,0.011091785474718719,-1.4044294414599037,0.04352510733727389
59.7,0.49511433533286886,-0.1603779612771643,-1.5892791517748839,0.012742480331180653,-1.4018580946239465,0.04420513362910937
59.71,0.4896056831807718,-0.16064651444589262,-1.5894323171621554,0.011888822008396369,-1.4034308505765496,0.04210611460612388
59.72,0.4848697089422327,-0.15684619156690746,-1.5916243962395549,0.011798489599815071,-1.4051261675123108,0.04300140877961204
59.730000000000004,0.47836821982550826,-0.15756475012539398,-1.5918077656693759,0.011464796996049758,-1.4039363521585215,0.044144855420206124
59.74,0.47399425597637834,-0.15605200053937185,-1.5931634472556582,0.010918248939316949,-1.4049537030947843,0.04227015094734241
59.75,0.47071164228007656,-0.1556658531845355,-1.5927229229577635,0.011998962472563547,-1.4056242986434309,0.04380935739167337
59.76,0.46743100753124905,-0.15354355569652184,-1.593631085861876,0.010002702037399197,-1.4061134544669005,0.04167549765717578
59.77,0.46300002766355786,-0.15336991931931804,-1.5939314187476337,0.00957721434864102,-1.4060386710207626,0.04425786821060014
59.78,0.4594376516427893,-0.15266586200065366,-1.5916726897153084,0.010996376023432067,-1.4078131927278597,0.04208619304098761
59.79,0.4559442446456907,-0.15271088426483717,-1.595194994598552,0.010512478233393156,-1.406807426591234,0.043367498776851386
59.800000000000004,0.4539266653111354,-0.15064367333821524,-1.5940041538816723,0.009755241702865689,-1.4063183502808327,0.04276207486609848
59.81,0.4505111347145678,-0.1517044134449839,-1.5960963533827648,0.011805987886285747,-1.4063776303408457,0.04313944400969205
59.82,0.44788399306661286,-0.1505660218589031,-1.5956759215254712,0.01184302356601346,-1.4077334983823804,0.04330978019448827
59.83,0.4451983126810573,-0.1509879085061786,-1.5959459323266942,0.011576458421403476,-1.4072619881584474,0.04449474711077356
59.84,0.4420289013849543,-0.149823077186856,-1.5976866408234005,0.00984584768422162,-1.4068135817049316,0.042670967439586566
59.85,0.4389869062863844,-0.14945916600319079,-1.596498460335386,0.010230451897988884,-1.4071825752027307,0.04269037719746911
59.86,0.4384061189865344,-0.15127308554117128,-1.5967161021617777,0.01126926364681768,-1.4065476692131254,0.04334389699520524
59.870000000000005,0.439193045133932,-0.14879452367878535,-1.5983115402819579,0.010507221702791666,-1.4074101602952633,0.042763594571317
59.88,0.43830070913512603,-0.14781325632478928,-1.5998550216230858,0.010067052803676212,-1.407492254932787,0.04402185030368589
59.89,0.4350096919486179,-0.1515977904304248,-1.597245976095898,0.01110991110306382,-1.4088425532170397,0.042897862966827134
59.9,0.4367425681836289,-0.1497623902592255,-1.5980047349019737,0.010695975404002507,-1.4085835902565929,0.0425128192904222
59.910000000000004,0.4332134087160043,-0.1488268028818649,-1.5988911989362078,0.010419953542333302,-1.4068268067173098,0.044215380793319256
59.92,0.43614303530101534,-0.14838998505326348,-1.5985645812130285,0.009900443736232502,-1.408257634467731,0.043393618042679286
59.93,0.43321850547889174,-0.1480310268447647,-1.5991713148939717,0.009811769612176436,-1.4070657420054726,0.04289270712220108
59.94,0.4316272943918421,-0.14842945954364486,-1.5991089940492123,0.011242730556071324,-1.406616400450461,0.041008850983615314
59.95,0.43375112982763675,-0.14802803435028264,-1.5997421887565362,0.01097332724674819,-1.408595832075787,0.044000162850829
59.96,0.43231753691446617,-0.14965970586681818,-1.5966220151746642,0.00885410549064894,-1.408192514289127,0.04246807003616722
59.97,0.43237948387540304,-0.14770505924195165,-1.598437864496238,0.011077920875757048,-1.4071708184108345,0.04154017070409667
59.980000000000004,0.4332028677070215,-0.14810040202875882,-1.5990416288592235,0.012010114944024703,-1.4069677360520076,0.04382185298855952
59.99,0.4335522206791342,-0.14866656584190355,-1.5979472671909802,0.01047578549974591,-1.4079860963780368,0.041933967815687256
